InstanceType,Region,AZ,SPS,T3,T2,IF,OndemandPrice,SpotPrice,Savings,InstanceFamily,InstanceCategory,InstanceCharacter,vCPU,Memory,CoreMark,CpuModel,ModelName,Vendor
c4.2xlarge,ap-northeast-1,apne1-az1,3,1.0,5.0,1.5,0.504,0.1823,63,c4,Computing,c,8.0,15.0,24154.71519,Intel(R) Xeon(R) CPU E5-2666 v3 @ 2.90GHz,Intel(R) Xeon(R) CPU E5-2666 v3 @ 2.90GHz,Intel
c4.2xlarge,ap-northeast-1,apne1-az2,3,5.0,10.0,1.5,0.504,0.1952,61,c4,Computing,c,8.0,15.0,24154.71519,Intel(R) Xeon(R) CPU E5-2666 v3 @ 2.90GHz,Intel(R) Xeon(R) CPU E5-2666 v3 @ 2.90GHz,Intel
c4.2xlarge,ap-northeast-1,apne1-az4,3,10.0,20.0,1.5,0.504,0.175,65,c4,Computing,c,8.0,15.0,24154.71519,Intel(R) Xeon(R) CPU E5-2666 v3 @ 2.90GHz,Intel(R) Xeon(R) CPU E5-2666 v3 @ 2.90GHz,Intel
c4.4xlarge,ap-northeast-1,apne1-az1,3,1.0,1.0,1.0,1.008,0.4264,57,c4,Computing,c,16.0,30.0,24157.426562800003,Intel(R) Xeon(R) CPU E5-2666 v3 @ 2.90GHz,Intel(R) Xeon(R) CPU E5-2666 v3 @ 2.90GHz,Intel
c4.4xlarge,ap-northeast-1,apne1-az2,3,10.0,15.0,1.0,1.008,0.2996,70,c4,Computing,c,16.0,30.0,24157.426562800003,Intel(R) Xeon(R) CPU E5-2666 v3 @ 2.90GHz,Intel(R) Xeon(R) CPU E5-2666 v3 @ 2.90GHz,Intel
c4.4xlarge,ap-northeast-1,apne1-az4,3,1.0,1.0,1.0,1.008,0.3841,61,c4,Computing,c,16.0,30.0,24157.426562800003,Intel(R) Xeon(R) CPU E5-2666 v3 @ 2.90GHz,Intel(R) Xeon(R) CPU E5-2666 v3 @ 2.90GHz,Intel
c4.8xlarge,ap-northeast-1,apne1-az1,3,10.0,20.0,2.0,2.016,0.7106,64,c4,Computing,c,32.0,60.0,24066.19746,Intel(R) Xeon(R) CPU E5-2666 v3 @ 2.90GHz,Intel(R) Xeon(R) CPU E5-2666 v3 @ 2.90GHz,Intel
c4.8xlarge,ap-northeast-1,apne1-az2,3,10.0,15.0,2.0,2.016,0.6461,67,c4,Computing,c,32.0,60.0,24066.19746,Intel(R) Xeon(R) CPU E5-2666 v3 @ 2.90GHz,Intel(R) Xeon(R) CPU E5-2666 v3 @ 2.90GHz,Intel
c4.8xlarge,ap-northeast-1,apne1-az4,3,1.0,5.0,2.0,2.016,0.6657,66,c4,Computing,c,32.0,60.0,24066.19746,Intel(R) Xeon(R) CPU E5-2666 v3 @ 2.90GHz,Intel(R) Xeon(R) CPU E5-2666 v3 @ 2.90GHz,Intel
c4.large,ap-northeast-1,apne1-az1,3,30.0,50.0,1.0,0.126,0.0429,65,c4,Computing,c,2.0,3.0,24008.115126800003,Intel(R) Xeon(R) CPU E5-2666 v3 @ 2.90GHz,Intel(R) Xeon(R) CPU E5-2666 v3 @ 2.90GHz,Intel
c4.large,ap-northeast-1,apne1-az2,3,25.0,40.0,1.0,0.126,0.0377,70,c4,Computing,c,2.0,3.0,24008.115126800003,Intel(R) Xeon(R) CPU E5-2666 v3 @ 2.90GHz,Intel(R) Xeon(R) CPU E5-2666 v3 @ 2.90GHz,Intel
c4.large,ap-northeast-1,apne1-az4,3,50.0,50.0,1.0,0.126,0.0427,66,c4,Computing,c,2.0,3.0,24008.115126800003,Intel(R) Xeon(R) CPU E5-2666 v3 @ 2.90GHz,Intel(R) Xeon(R) CPU E5-2666 v3 @ 2.90GHz,Intel
c4.xlarge,ap-northeast-1,apne1-az1,3,15.0,20.0,2.5,0.252,0.1064,57,c4,Computing,c,4.0,7.0,24078.4102712,Intel(R) Xeon(R) CPU E5-2666 v3 @ 2.90GHz,Intel(R) Xeon(R) CPU E5-2666 v3 @ 2.90GHz,Intel
c4.xlarge,ap-northeast-1,apne1-az2,3,5.0,10.0,2.5,0.252,0.0942,62,c4,Computing,c,4.0,7.0,24078.4102712,Intel(R) Xeon(R) CPU E5-2666 v3 @ 2.90GHz,Intel(R) Xeon(R) CPU E5-2666 v3 @ 2.90GHz,Intel
c4.xlarge,ap-northeast-1,apne1-az4,3,30.0,50.0,2.5,0.252,0.0943,62,c4,Computing,c,4.0,7.0,24078.4102712,Intel(R) Xeon(R) CPU E5-2666 v3 @ 2.90GHz,Intel(R) Xeon(R) CPU E5-2666 v3 @ 2.90GHz,Intel
c5.12xlarge,ap-northeast-1,apne1-az1,3,20.0,20.0,1.5,2.568,0.7754,69,c5,Computing,c,48.0,96.0,28280.3929114,Intel(R) Xeon(R) Platinum 8275CL CPU @ 3.00GHz,Intel(R) Xeon(R) Platinum 8275CL CPU @ 3.00GHz,Intel
c5.12xlarge,ap-northeast-1,apne1-az2,3,35.0,50.0,1.5,2.568,0.8418,67,c5,Computing,c,48.0,96.0,28280.3929114,Intel(R) Xeon(R) Platinum 8275CL CPU @ 3.00GHz,Intel(R) Xeon(R) Platinum 8275CL CPU @ 3.00GHz,Intel
c5.12xlarge,ap-northeast-1,apne1-az4,3,5.0,10.0,1.5,2.568,0.9622,62,c5,Computing,c,48.0,96.0,28280.3929114,Intel(R) Xeon(R) Platinum 8275CL CPU @ 3.00GHz,Intel(R) Xeon(R) Platinum 8275CL CPU @ 3.00GHz,Intel
c5.18xlarge,ap-northeast-1,apne1-az1,3,50.0,50.0,3.0,3.852,1.1143,71,c5,Computing,c,72.0,144.0,25753.4321812,Intel(R) Xeon(R) Platinum 8124M CPU @ 3.00GHz,Intel(R) Xeon(R) Platinum 8124M CPU @ 3.00GHz,Intel
c5.18xlarge,ap-northeast-1,apne1-az2,3,40.0,50.0,3.0,3.852,1.1708,69,c5,Computing,c,72.0,144.0,25753.4321812,Intel(R) Xeon(R) Platinum 8124M CPU @ 3.00GHz,Intel(R) Xeon(R) Platinum 8124M CPU @ 3.00GHz,Intel
c5.18xlarge,ap-northeast-1,apne1-az4,3,50.0,50.0,3.0,3.852,1.1275,70,c5,Computing,c,72.0,144.0,25753.4321812,Intel(R) Xeon(R) Platinum 8124M CPU @ 3.00GHz,Intel(R) Xeon(R) Platinum 8124M CPU @ 3.00GHz,Intel
c5.24xlarge,ap-northeast-1,apne1-az1,3,1.0,5.0,2.5,5.136,1.6371,68,c5,Computing,c,96.0,192.0,28198.69509,Intel(R) Xeon(R) Platinum 8275CL CPU @ 3.00GHz,Intel(R) Xeon(R) Platinum 8275CL CPU @ 3.00GHz,Intel
c5.24xlarge,ap-northeast-1,apne1-az2,3,1.0,5.0,2.5,5.136,1.6967,66,c5,Computing,c,96.0,192.0,28198.69509,Intel(R) Xeon(R) Platinum 8275CL CPU @ 3.00GHz,Intel(R) Xeon(R) Platinum 8275CL CPU @ 3.00GHz,Intel
c5.24xlarge,ap-northeast-1,apne1-az4,3,5.0,15.0,2.5,5.136,1.6378,68,c5,Computing,c,96.0,192.0,28198.69509,Intel(R) Xeon(R) Platinum 8275CL CPU @ 3.00GHz,Intel(R) Xeon(R) Platinum 8275CL CPU @ 3.00GHz,Intel
c5.2xlarge,ap-northeast-1,apne1-az1,3,50.0,50.0,1.5,0.428,0.1673,60,c5,Computing,c,8.0,16.0,25185.5018574,Intel(R) Xeon(R) Platinum 8124M CPU @ 3.00GHz,Intel(R) Xeon(R) Platinum 8124M CPU @ 3.00GHz,Intel
c5.2xlarge,ap-northeast-1,apne1-az2,3,50.0,50.0,1.5,0.428,0.181,57,c5,Computing,c,8.0,16.0,25185.5018574,Intel(R) Xeon(R) Platinum 8124M CPU @ 3.00GHz,Intel(R) Xeon(R) Platinum 8124M CPU @ 3.00GHz,Intel
c5.2xlarge,ap-northeast-1,apne1-az4,3,50.0,50.0,1.5,0.428,0.1729,59,c5,Computing,c,8.0,16.0,25185.5018574,Intel(R) Xeon(R) Platinum 8124M CPU @ 3.00GHz,Intel(R) Xeon(R) Platinum 8124M CPU @ 3.00GHz,Intel
c5.4xlarge,ap-northeast-1,apne1-az1,3,50.0,50.0,2.5,0.856,0.27,68,c5,Computing,c,16.0,32.0,25416.9891866,Intel(R) Xeon(R) Platinum 8223CL CPU @ 3.00GHz,Intel(R) Xeon(R) Platinum 8275CL CPU @ 3.00GHz,Intel
c5.4xlarge,ap-northeast-1,apne1-az2,3,50.0,50.0,2.5,0.856,0.2849,66,c5,Computing,c,16.0,32.0,25416.9891866,Intel(R) Xeon(R) Platinum 8223CL CPU @ 3.00GHz,Intel(R) Xeon(R) Platinum 8275CL CPU @ 3.00GHz,Intel
c5.4xlarge,ap-northeast-1,apne1-az4,3,50.0,50.0,2.5,0.856,0.2825,66,c5,Computing,c,16.0,32.0,25416.9891866,Intel(R) Xeon(R) Platinum 8223CL CPU @ 3.00GHz,Intel(R) Xeon(R) Platinum 8275CL CPU @ 3.00GHz,Intel
c5.9xlarge,ap-northeast-1,apne1-az1,3,50.0,50.0,2.0,1.926,0.5883,69,c5,Computing,c,36.0,72.0,25775.331019800004,Intel(R) Xeon(R) Platinum 8124M CPU @ 3.00GHz,Intel(R) Xeon(R) Platinum 8124M CPU @ 3.00GHz,Intel
c5.9xlarge,ap-northeast-1,apne1-az2,3,50.0,50.0,2.0,1.926,0.6244,67,c5,Computing,c,36.0,72.0,25775.331019800004,Intel(R) Xeon(R) Platinum 8124M CPU @ 3.00GHz,Intel(R) Xeon(R) Platinum 8124M CPU @ 3.00GHz,Intel
c5.9xlarge,ap-northeast-1,apne1-az4,3,50.0,50.0,2.0,1.926,0.6105,68,c5,Computing,c,36.0,72.0,25775.331019800004,Intel(R) Xeon(R) Platinum 8124M CPU @ 3.00GHz,Intel(R) Xeon(R) Platinum 8124M CPU @ 3.00GHz,Intel
c5.large,ap-northeast-1,apne1-az1,3,50.0,50.0,2.5,0.107,0.0382,64,c5,Computing,c,2.0,4.0,25334.1638072,Intel(R) Xeon(R) Platinum 8124M CPU @ 3.00GHz,Intel(R) Xeon(R) Platinum 8124M CPU @ 3.00GHz,Intel
c5.large,ap-northeast-1,apne1-az2,3,50.0,50.0,2.5,0.107,0.047,56,c5,Computing,c,2.0,4.0,25334.1638072,Intel(R) Xeon(R) Platinum 8124M CPU @ 3.00GHz,Intel(R) Xeon(R) Platinum 8124M CPU @ 3.00GHz,Intel
c5.large,ap-northeast-1,apne1-az4,3,50.0,50.0,2.5,0.107,0.0356,66,c5,Computing,c,2.0,4.0,25334.1638072,Intel(R) Xeon(R) Platinum 8124M CPU @ 3.00GHz,Intel(R) Xeon(R) Platinum 8124M CPU @ 3.00GHz,Intel
c5.xlarge,ap-northeast-1,apne1-az1,3,50.0,50.0,2.0,0.214,0.0711,66,c5,Computing,c,4.0,8.0,25343.5530924,Intel(R) Xeon(R) Platinum 8124M CPU @ 3.00GHz,Intel(R) Xeon(R) Platinum 8124M CPU @ 3.00GHz,Intel
c5.xlarge,ap-northeast-1,apne1-az2,3,50.0,50.0,2.0,0.214,0.0809,62,c5,Computing,c,4.0,8.0,25343.5530924,Intel(R) Xeon(R) Platinum 8124M CPU @ 3.00GHz,Intel(R) Xeon(R) Platinum 8124M CPU @ 3.00GHz,Intel
c5.xlarge,ap-northeast-1,apne1-az4,3,50.0,50.0,2.0,0.214,0.0669,68,c5,Computing,c,4.0,8.0,25343.5530924,Intel(R) Xeon(R) Platinum 8124M CPU @ 3.00GHz,Intel(R) Xeon(R) Platinum 8124M CPU @ 3.00GHz,Intel
c5a.12xlarge,ap-northeast-1,apne1-az1,3,5.0,10.0,2.0,2.304,0.809,64,c5a,Computing,c,48.0,96.0,25686.3364664,AMD EPYC 7R32,AMD EPYC 7R32,AuthenticAMD
c5a.12xlarge,ap-northeast-1,apne1-az4,3,1.0,1.0,2.0,2.304,0.7083,69,c5a,Computing,c,48.0,96.0,25686.3364664,AMD EPYC 7R32,AMD EPYC 7R32,AuthenticAMD
c5a.16xlarge,ap-northeast-1,apne1-az1,2,0.0,1.0,3.0,3.072,1.0456,65,c5a,Computing,c,64.0,128.0,25261.390485400003,AMD EPYC 7R32,AMD EPYC 7R32,AuthenticAMD
c5a.16xlarge,ap-northeast-1,apne1-az4,3,1.0,1.0,3.0,3.072,1.0891,64,c5a,Computing,c,64.0,128.0,25261.390485400003,AMD EPYC 7R32,AMD EPYC 7R32,AuthenticAMD
c5a.24xlarge,ap-northeast-1,apne1-az1,3,1.0,1.0,2.0,4.608,1.5012,67,c5a,Computing,c,96.0,192.0,25173.024361,AMD EPYC 7R32,AMD EPYC 7R32,AuthenticAMD
c5a.24xlarge,ap-northeast-1,apne1-az4,1,0.0,0.0,2.0,4.608,1.4445,68,c5a,Computing,c,96.0,192.0,25173.024361,AMD EPYC 7R32,AMD EPYC 7R32,AuthenticAMD
c5a.2xlarge,ap-northeast-1,apne1-az1,3,30.0,45.0,2.5,0.384,0.1704,55,c5a,Computing,c,8.0,16.0,25707.401216,AMD EPYC 7R32,AMD EPYC 7R32,AuthenticAMD
c5a.2xlarge,ap-northeast-1,apne1-az4,3,25.0,35.0,2.5,0.384,0.1577,58,c5a,Computing,c,8.0,16.0,25707.401216,AMD EPYC 7R32,AMD EPYC 7R32,AuthenticAMD
c5a.4xlarge,ap-northeast-1,apne1-az1,3,15.0,25.0,2.0,0.768,0.2875,62,c5a,Computing,c,16.0,32.0,25652.725096799997,AMD EPYC 7R32,AMD EPYC 7R32,AuthenticAMD
c5a.4xlarge,ap-northeast-1,apne1-az4,3,5.0,15.0,2.0,0.768,0.3675,52,c5a,Computing,c,16.0,32.0,25652.725096799997,AMD EPYC 7R32,AMD EPYC 7R32,AuthenticAMD
c5a.8xlarge,ap-northeast-1,apne1-az1,3,5.0,10.0,2.0,1.536,0.4447,71,c5a,Computing,c,32.0,64.0,25695.0604604,AMD EPYC 7R32,AMD EPYC 7R32,AuthenticAMD
c5a.8xlarge,ap-northeast-1,apne1-az4,3,5.0,5.0,2.0,1.536,0.5602,63,c5a,Computing,c,32.0,64.0,25695.0604604,AMD EPYC 7R32,AMD EPYC 7R32,AuthenticAMD
c5a.large,ap-northeast-1,apne1-az1,3,50.0,50.0,2.5,0.096,0.0348,63,c5a,Computing,c,2.0,4.0,25741.5259838,AMD EPYC 7R32,AMD EPYC 7R32,AuthenticAMD
c5a.large,ap-northeast-1,apne1-az4,3,50.0,50.0,2.5,0.096,0.0318,66,c5a,Computing,c,2.0,4.0,25741.5259838,AMD EPYC 7R32,AMD EPYC 7R32,AuthenticAMD
c5a.xlarge,ap-northeast-1,apne1-az1,3,50.0,50.0,3.0,0.192,0.1049,45,c5a,Computing,c,4.0,8.0,25675.7815368,AMD EPYC 7R32,AMD EPYC 7R32,AuthenticAMD
c5a.xlarge,ap-northeast-1,apne1-az4,3,50.0,50.0,3.0,0.192,0.0964,49,c5a,Computing,c,4.0,8.0,25675.7815368,AMD EPYC 7R32,AMD EPYC 7R32,AuthenticAMD
c5d.12xlarge,ap-northeast-1,apne1-az1,3,1.0,1.0,2.0,2.928,0.9481,67,c5d,Computing,c,48.0,96.0,28283.4333,Intel(R) Xeon(R) Platinum 8275CL CPU @ 3.00GHz,Intel(R) Xeon(R) Platinum 8275CL CPU @ 3.00GHz,Intel
c5d.12xlarge,ap-northeast-1,apne1-az2,3,1.0,1.0,2.0,2.928,0.9324,68,c5d,Computing,c,48.0,96.0,28283.4333,Intel(R) Xeon(R) Platinum 8275CL CPU @ 3.00GHz,Intel(R) Xeon(R) Platinum 8275CL CPU @ 3.00GHz,Intel
c5d.12xlarge,ap-northeast-1,apne1-az4,3,1.0,1.0,2.0,2.928,0.9311,68,c5d,Computing,c,48.0,96.0,28283.4333,Intel(R) Xeon(R) Platinum 8275CL CPU @ 3.00GHz,Intel(R) Xeon(R) Platinum 8275CL CPU @ 3.00GHz,Intel
c5d.18xlarge,ap-northeast-1,apne1-az1,3,50.0,50.0,3.0,4.392,1.2569,71,c5d,Computing,c,72.0,144.0,25760.2507,Intel(R) Xeon(R) Platinum 8124M CPU @ 3.00GHz,Intel(R) Xeon(R) Platinum 8124M CPU @ 3.00GHz,Intel
c5d.18xlarge,ap-northeast-1,apne1-az2,3,50.0,50.0,3.0,4.392,1.4045,68,c5d,Computing,c,72.0,144.0,25760.2507,Intel(R) Xeon(R) Platinum 8124M CPU @ 3.00GHz,Intel(R) Xeon(R) Platinum 8124M CPU @ 3.00GHz,Intel
c5d.18xlarge,ap-northeast-1,apne1-az4,3,25.0,40.0,3.0,4.392,1.271,71,c5d,Computing,c,72.0,144.0,25760.2507,Intel(R) Xeon(R) Platinum 8124M CPU @ 3.00GHz,Intel(R) Xeon(R) Platinum 8124M CPU @ 3.00GHz,Intel
c5d.24xlarge,ap-northeast-1,apne1-az1,3,1.0,5.0,2.0,5.856,1.8631,68,c5d,Computing,c,96.0,192.0,28263.4929,Intel(R) Xeon(R) Platinum 8275CL CPU @ 3.00GHz,Intel(R) Xeon(R) Platinum 8275CL CPU @ 3.00GHz,Intel
c5d.24xlarge,ap-northeast-1,apne1-az2,2,0.0,1.0,2.0,5.856,1.7455,70,c5d,Computing,c,96.0,192.0,28263.4929,Intel(R) Xeon(R) Platinum 8275CL CPU @ 3.00GHz,Intel(R) Xeon(R) Platinum 8275CL CPU @ 3.00GHz,Intel
c5d.24xlarge,ap-northeast-1,apne1-az4,3,1.0,1.0,2.0,5.856,1.7429,70,c5d,Computing,c,96.0,192.0,28263.4929,Intel(R) Xeon(R) Platinum 8275CL CPU @ 3.00GHz,Intel(R) Xeon(R) Platinum 8275CL CPU @ 3.00GHz,Intel
c5d.2xlarge,ap-northeast-1,apne1-az1,3,10.0,20.0,2.5,0.488,0.2132,56,c5d,Computing,c,8.0,16.0,25406.7688,Intel(R) Xeon(R) Platinum 8124M CPU @ 3.00GHz,Intel(R) Xeon(R) Platinum 8124M CPU @ 3.00GHz,Intel
c5d.2xlarge,ap-northeast-1,apne1-az2,3,20.0,35.0,2.5,0.488,0.195,60,c5d,Computing,c,8.0,16.0,25406.7688,Intel(R) Xeon(R) Platinum 8124M CPU @ 3.00GHz,Intel(R) Xeon(R) Platinum 8124M CPU @ 3.00GHz,Intel
c5d.2xlarge,ap-northeast-1,apne1-az4,3,20.0,25.0,2.5,0.488,0.2161,55,c5d,Computing,c,8.0,16.0,25406.7688,Intel(R) Xeon(R) Platinum 8124M CPU @ 3.00GHz,Intel(R) Xeon(R) Platinum 8124M CPU @ 3.00GHz,Intel
c5d.4xlarge,ap-northeast-1,apne1-az1,3,30.0,40.0,2.5,0.976,0.3045,68,c5d,Computing,c,16.0,32.0,25389.2496,Intel(R) Xeon(R) Platinum 8124M CPU @ 3.00GHz,Intel(R) Xeon(R) Platinum 8124M CPU @ 3.00GHz,Intel
c5d.4xlarge,ap-northeast-1,apne1-az2,3,50.0,50.0,2.5,0.976,0.3213,67,c5d,Computing,c,16.0,32.0,25389.2496,Intel(R) Xeon(R) Platinum 8124M CPU @ 3.00GHz,Intel(R) Xeon(R) Platinum 8124M CPU @ 3.00GHz,Intel
c5d.4xlarge,ap-northeast-1,apne1-az4,3,35.0,50.0,2.5,0.976,0.2965,69,c5d,Computing,c,16.0,32.0,25389.2496,Intel(R) Xeon(R) Platinum 8124M CPU @ 3.00GHz,Intel(R) Xeon(R) Platinum 8124M CPU @ 3.00GHz,Intel
c5d.9xlarge,ap-northeast-1,apne1-az1,3,15.0,25.0,2.5,2.196,0.7449,66,c5d,Computing,c,36.0,72.0,25792.6322,Intel(R) Xeon(R) Platinum 8124M CPU @ 3.00GHz,Intel(R) Xeon(R) Platinum 8124M CPU @ 3.00GHz,Intel
c5d.9xlarge,ap-northeast-1,apne1-az2,3,10.0,15.0,2.5,2.196,0.6565,70,c5d,Computing,c,36.0,72.0,25792.6322,Intel(R) Xeon(R) Platinum 8124M CPU @ 3.00GHz,Intel(R) Xeon(R) Platinum 8124M CPU @ 3.00GHz,Intel
c5d.9xlarge,ap-northeast-1,apne1-az4,3,5.0,5.0,2.5,2.196,0.7833,64,c5d,Computing,c,36.0,72.0,25792.6322,Intel(R) Xeon(R) Platinum 8124M CPU @ 3.00GHz,Intel(R) Xeon(R) Platinum 8124M CPU @ 3.00GHz,Intel
c5d.large,ap-northeast-1,apne1-az1,3,50.0,50.0,3.0,0.122,0.0526,56,c5d,Computing,c,2.0,4.0,25379.4678,Intel(R) Xeon(R) Platinum 8124M CPU @ 3.00GHz,Intel(R) Xeon(R) Platinum 8124M CPU @ 3.00GHz,Intel
c5d.large,ap-northeast-1,apne1-az2,3,50.0,50.0,3.0,0.122,0.0521,57,c5d,Computing,c,2.0,4.0,25379.4678,Intel(R) Xeon(R) Platinum 8124M CPU @ 3.00GHz,Intel(R) Xeon(R) Platinum 8124M CPU @ 3.00GHz,Intel
c5d.large,ap-northeast-1,apne1-az4,3,30.0,45.0,3.0,0.122,0.0566,53,c5d,Computing,c,2.0,4.0,25379.4678,Intel(R) Xeon(R) Platinum 8124M CPU @ 3.00GHz,Intel(R) Xeon(R) Platinum 8124M CPU @ 3.00GHz,Intel
c5d.xlarge,ap-northeast-1,apne1-az1,3,50.0,50.0,2.0,0.244,0.09,63,c5d,Computing,c,4.0,8.0,25422.1435,Intel(R) Xeon(R) Platinum 8124M CPU @ 3.00GHz,Intel(R) Xeon(R) Platinum 8124M CPU @ 3.00GHz,Intel
c5d.xlarge,ap-northeast-1,apne1-az2,3,25.0,35.0,2.0,0.244,0.1205,50,c5d,Computing,c,4.0,8.0,25422.1435,Intel(R) Xeon(R) Platinum 8124M CPU @ 3.00GHz,Intel(R) Xeon(R) Platinum 8124M CPU @ 3.00GHz,Intel
c5d.xlarge,ap-northeast-1,apne1-az4,3,20.0,30.0,2.0,0.244,0.1016,58,c5d,Computing,c,4.0,8.0,25422.1435,Intel(R) Xeon(R) Platinum 8124M CPU @ 3.00GHz,Intel(R) Xeon(R) Platinum 8124M CPU @ 3.00GHz,Intel
c5n.18xlarge,ap-northeast-1,apne1-az1,3,5.0,5.0,1.0,4.896,1.5802,67,c5n,Computing,c,72.0,192.0,25763.0081642,Intel(R) Xeon(R) Platinum 8124M CPU @ 3.00GHz,Intel(R) Xeon(R) Platinum 8124M CPU @ 3.00GHz,Intel
c5n.18xlarge,ap-northeast-1,apne1-az2,3,1.0,1.0,1.0,4.896,1.4466,70,c5n,Computing,c,72.0,192.0,25763.0081642,Intel(R) Xeon(R) Platinum 8124M CPU @ 3.00GHz,Intel(R) Xeon(R) Platinum 8124M CPU @ 3.00GHz,Intel
c5n.18xlarge,ap-northeast-1,apne1-az4,3,5.0,10.0,1.0,4.896,1.5805,67,c5n,Computing,c,72.0,192.0,25763.0081642,Intel(R) Xeon(R) Platinum 8124M CPU @ 3.00GHz,Intel(R) Xeon(R) Platinum 8124M CPU @ 3.00GHz,Intel
c5n.2xlarge,ap-northeast-1,apne1-az1,3,1.0,1.0,1.0,0.544,0.2099,61,c5n,Computing,c,8.0,21.0,25394.801298,Intel(R) Xeon(R) Platinum 8124M CPU @ 3.00GHz,Intel(R) Xeon(R) Platinum 8124M CPU @ 3.00GHz,Intel
c5n.2xlarge,ap-northeast-1,apne1-az2,1,0.0,0.0,1.0,0.544,0.1682,69,c5n,Computing,c,8.0,21.0,25394.801298,Intel(R) Xeon(R) Platinum 8124M CPU @ 3.00GHz,Intel(R) Xeon(R) Platinum 8124M CPU @ 3.00GHz,Intel
c5n.2xlarge,ap-northeast-1,apne1-az4,3,1.0,1.0,1.0,0.544,0.1944,64,c5n,Computing,c,8.0,21.0,25394.801298,Intel(R) Xeon(R) Platinum 8124M CPU @ 3.00GHz,Intel(R) Xeon(R) Platinum 8124M CPU @ 3.00GHz,Intel
c5n.4xlarge,ap-northeast-1,apne1-az1,3,1.0,1.0,1.0,1.088,0.4225,61,c5n,Computing,c,16.0,42.0,25403.409049,Intel(R) Xeon(R) Platinum 8124M CPU @ 3.00GHz,Intel(R) Xeon(R) Platinum 8124M CPU @ 3.00GHz,Intel
c5n.4xlarge,ap-northeast-1,apne1-az2,3,1.0,1.0,1.0,1.088,0.3281,69,c5n,Computing,c,16.0,42.0,25403.409049,Intel(R) Xeon(R) Platinum 8124M CPU @ 3.00GHz,Intel(R) Xeon(R) Platinum 8124M CPU @ 3.00GHz,Intel
c5n.4xlarge,ap-northeast-1,apne1-az4,3,1.0,1.0,1.0,1.088,0.3345,69,c5n,Computing,c,16.0,42.0,25403.409049,Intel(R) Xeon(R) Platinum 8124M CPU @ 3.00GHz,Intel(R) Xeon(R) Platinum 8124M CPU @ 3.00GHz,Intel
c5n.9xlarge,ap-northeast-1,apne1-az1,2,0.0,1.0,1.5,2.448,0.7372,69,c5n,Computing,c,36.0,96.0,25765.3756172,Intel(R) Xeon(R) Platinum 8124M CPU @ 3.00GHz,Intel(R) Xeon(R) Platinum 8124M CPU @ 3.00GHz,Intel
c5n.9xlarge,ap-northeast-1,apne1-az2,2,0.0,1.0,1.5,2.448,0.7621,68,c5n,Computing,c,36.0,96.0,25765.3756172,Intel(R) Xeon(R) Platinum 8124M CPU @ 3.00GHz,Intel(R) Xeon(R) Platinum 8124M CPU @ 3.00GHz,Intel
c5n.9xlarge,ap-northeast-1,apne1-az4,3,1.0,1.0,1.5,2.448,0.7539,69,c5n,Computing,c,36.0,96.0,25765.3756172,Intel(R) Xeon(R) Platinum 8124M CPU @ 3.00GHz,Intel(R) Xeon(R) Platinum 8124M CPU @ 3.00GHz,Intel
c5n.large,ap-northeast-1,apne1-az1,3,10.0,15.0,1.0,0.136,0.0447,67,c5n,Computing,c,2.0,5.0,25378.780024,Intel(R) Xeon(R) Platinum 8124M CPU @ 3.00GHz,Intel(R) Xeon(R) Platinum 8124M CPU @ 3.00GHz,Intel
c5n.large,ap-northeast-1,apne1-az2,3,1.0,5.0,1.0,0.136,0.0404,70,c5n,Computing,c,2.0,5.0,25378.780024,Intel(R) Xeon(R) Platinum 8124M CPU @ 3.00GHz,Intel(R) Xeon(R) Platinum 8124M CPU @ 3.00GHz,Intel
c5n.large,ap-northeast-1,apne1-az4,3,5.0,10.0,1.0,0.136,0.0424,68,c5n,Computing,c,2.0,5.0,25378.780024,Intel(R) Xeon(R) Platinum 8124M CPU @ 3.00GHz,Intel(R) Xeon(R) Platinum 8124M CPU @ 3.00GHz,Intel
c5n.xlarge,ap-northeast-1,apne1-az1,3,50.0,50.0,1.0,0.272,0.1058,61,c5n,Computing,c,4.0,10.0,25402.903327,Intel(R) Xeon(R) Platinum 8124M CPU @ 3.00GHz,Intel(R) Xeon(R) Platinum 8124M CPU @ 3.00GHz,Intel
c5n.xlarge,ap-northeast-1,apne1-az2,3,5.0,5.0,1.0,0.272,0.0923,66,c5n,Computing,c,4.0,10.0,25402.903327,Intel(R) Xeon(R) Platinum 8124M CPU @ 3.00GHz,Intel(R) Xeon(R) Platinum 8124M CPU @ 3.00GHz,Intel
c5n.xlarge,ap-northeast-1,apne1-az4,3,15.0,25.0,1.0,0.272,0.1211,55,c5n,Computing,c,4.0,10.0,25402.903327,Intel(R) Xeon(R) Platinum 8124M CPU @ 3.00GHz,Intel(R) Xeon(R) Platinum 8124M CPU @ 3.00GHz,Intel
c6a.12xlarge,ap-northeast-1,apne1-az1,3,1.0,1.0,1.0,2.3112,0.8452,63,c6a,Computing,c,48.0,96.0,33324.930290000004,AMD EPYC 7R13 Processor,AMD EPYC 7R13 Processor,AuthenticAMD
c6a.12xlarge,ap-northeast-1,apne1-az2,1,0.0,0.0,1.0,2.3112,0.7885,65,c6a,Computing,c,48.0,96.0,33324.930290000004,AMD EPYC 7R13 Processor,AMD EPYC 7R13 Processor,AuthenticAMD
c6a.12xlarge,ap-northeast-1,apne1-az4,3,1.0,1.0,1.0,2.3112,0.7625,67,c6a,Computing,c,48.0,96.0,33324.930290000004,AMD EPYC 7R13 Processor,AMD EPYC 7R13 Processor,AuthenticAMD
c6a.16xlarge,ap-northeast-1,apne1-az1,3,1.0,1.0,1.0,3.0816,1.4217,53,c6a,Computing,c,64.0,128.0,34519.2044584,AMD EPYC 7R13 Processor,AMD EPYC 7R13 Processor,AuthenticAMD
c6a.16xlarge,ap-northeast-1,apne1-az2,1,0.0,0.0,1.0,3.0816,1.0037,67,c6a,Computing,c,64.0,128.0,34519.2044584,AMD EPYC 7R13 Processor,AMD EPYC 7R13 Processor,AuthenticAMD
c6a.16xlarge,ap-northeast-1,apne1-az4,1,0.0,0.0,1.0,3.0816,1.0075,67,c6a,Computing,c,64.0,128.0,34519.2044584,AMD EPYC 7R13 Processor,AMD EPYC 7R13 Processor,AuthenticAMD
c6a.24xlarge,ap-northeast-1,apne1-az1,2,0.0,1.0,1.0,4.6224,1.7377,62,c6a,Computing,c,96.0,192.0,33373.607559000004,AMD EPYC 7R13 Processor,AMD EPYC 7R13 Processor,AuthenticAMD
c6a.24xlarge,ap-northeast-1,apne1-az2,1,0.0,0.0,1.0,4.6224,1.4944,67,c6a,Computing,c,96.0,192.0,33373.607559000004,AMD EPYC 7R13 Processor,AMD EPYC 7R13 Processor,AuthenticAMD
c6a.24xlarge,ap-northeast-1,apne1-az4,1,0.0,0.0,1.0,4.6224,1.7278,62,c6a,Computing,c,96.0,192.0,33373.607559000004,AMD EPYC 7R13 Processor,AMD EPYC 7R13 Processor,AuthenticAMD
c6a.2xlarge,ap-northeast-1,apne1-az1,3,50.0,50.0,2.5,0.3852,0.16,58,c6a,Computing,c,8.0,16.0,33373.383458000004,AMD EPYC 7R13 Processor,AMD EPYC 7R13 Processor,AuthenticAMD
c6a.2xlarge,ap-northeast-1,apne1-az2,3,5.0,10.0,2.5,0.3852,0.1584,58,c6a,Computing,c,8.0,16.0,33373.383458000004,AMD EPYC 7R13 Processor,AMD EPYC 7R13 Processor,AuthenticAMD
c6a.2xlarge,ap-northeast-1,apne1-az4,3,45.0,50.0,2.5,0.3852,0.1532,60,c6a,Computing,c,8.0,16.0,33373.383458000004,AMD EPYC 7R13 Processor,AMD EPYC 7R13 Processor,AuthenticAMD
c6a.32xlarge,ap-northeast-1,apne1-az1,2,0.0,1.0,2.0,6.1632,1.8897,69,c6a,Computing,c,128.0,256.0,34539.950602799996,AMD EPYC 7R13 Processor,AMD EPYC 7R13 Processor,AuthenticAMD
c6a.32xlarge,ap-northeast-1,apne1-az2,1,0.0,0.0,2.0,6.1632,1.8885,69,c6a,Computing,c,128.0,256.0,34539.950602799996,AMD EPYC 7R13 Processor,AMD EPYC 7R13 Processor,AuthenticAMD
c6a.32xlarge,ap-northeast-1,apne1-az4,2,0.0,1.0,2.0,6.1632,1.6841,72,c6a,Computing,c,128.0,256.0,34539.950602799996,AMD EPYC 7R13 Processor,AMD EPYC 7R13 Processor,AuthenticAMD
c6a.48xlarge,ap-northeast-1,apne1-az1,3,1.0,1.0,2.0,9.2448,2.7819,69,c6a,Computing,c,192.0,384.0,33388.224271600004,AMD EPYC 7R13 Processor,AMD EPYC 7R13 Processor,AuthenticAMD
c6a.48xlarge,ap-northeast-1,apne1-az2,1,0.0,0.0,2.0,9.2448,2.6695,71,c6a,Computing,c,192.0,384.0,33388.224271600004,AMD EPYC 7R13 Processor,AMD EPYC 7R13 Processor,AuthenticAMD
c6a.48xlarge,ap-northeast-1,apne1-az4,1,0.0,0.0,2.0,9.2448,2.8916,68,c6a,Computing,c,192.0,384.0,33388.224271600004,AMD EPYC 7R13 Processor,AMD EPYC 7R13 Processor,AuthenticAMD
c6a.4xlarge,ap-northeast-1,apne1-az1,3,50.0,50.0,1.5,0.7704,0.2571,66,c6a,Computing,c,16.0,32.0,33305.3249148,AMD EPYC 7R13 Processor,AMD EPYC 7R13 Processor,AuthenticAMD
c6a.4xlarge,ap-northeast-1,apne1-az2,3,35.0,50.0,1.5,0.7704,0.2488,67,c6a,Computing,c,16.0,32.0,33305.3249148,AMD EPYC 7R13 Processor,AMD EPYC 7R13 Processor,AuthenticAMD
c6a.4xlarge,ap-northeast-1,apne1-az4,3,25.0,50.0,1.5,0.7704,0.2909,62,c6a,Computing,c,16.0,32.0,33305.3249148,AMD EPYC 7R13 Processor,AMD EPYC 7R13 Processor,AuthenticAMD
c6a.8xlarge,ap-northeast-1,apne1-az1,3,1.0,5.0,1.0,1.5408,0.6167,59,c6a,Computing,c,32.0,64.0,33289.65002660001,AMD EPYC 7R13 Processor,AMD EPYC 7R13 Processor,AuthenticAMD
c6a.8xlarge,ap-northeast-1,apne1-az2,3,1.0,1.0,1.0,1.5408,0.5345,65,c6a,Computing,c,32.0,64.0,33289.65002660001,AMD EPYC 7R13 Processor,AMD EPYC 7R13 Processor,AuthenticAMD
c6a.8xlarge,ap-northeast-1,apne1-az4,3,5.0,10.0,1.0,1.5408,0.6311,59,c6a,Computing,c,32.0,64.0,33289.65002660001,AMD EPYC 7R13 Processor,AMD EPYC 7R13 Processor,AuthenticAMD
c6a.large,ap-northeast-1,apne1-az1,3,50.0,50.0,2.5,0.0963,0.0417,56,c6a,Computing,c,2.0,4.0,33314.9004888,AMD EPYC 7R13 Processor,AMD EPYC 7R13 Processor,AuthenticAMD
c6a.large,ap-northeast-1,apne1-az2,3,25.0,40.0,2.5,0.0963,0.0337,65,c6a,Computing,c,2.0,4.0,33314.9004888,AMD EPYC 7R13 Processor,AMD EPYC 7R13 Processor,AuthenticAMD
c6a.large,ap-northeast-1,apne1-az4,3,50.0,50.0,2.5,0.0963,0.0298,69,c6a,Computing,c,2.0,4.0,33314.9004888,AMD EPYC 7R13 Processor,AMD EPYC 7R13 Processor,AuthenticAMD
c6a.xlarge,ap-northeast-1,apne1-az1,3,50.0,50.0,2.5,0.1926,0.0745,61,c6a,Computing,c,4.0,8.0,33371.1748894,AMD EPYC 7R13 Processor,AMD EPYC 7R13 Processor,AuthenticAMD
c6a.xlarge,ap-northeast-1,apne1-az2,3,25.0,35.0,2.5,0.1926,0.0792,58,c6a,Computing,c,4.0,8.0,33371.1748894,AMD EPYC 7R13 Processor,AMD EPYC 7R13 Processor,AuthenticAMD
c6a.xlarge,ap-northeast-1,apne1-az4,3,50.0,50.0,2.5,0.1926,0.0708,63,c6a,Computing,c,4.0,8.0,33371.1748894,AMD EPYC 7R13 Processor,AMD EPYC 7R13 Processor,AuthenticAMD
c6g.12xlarge,ap-northeast-1,apne1-az1,3,50.0,50.0,2.5,2.0544,0.6207,69,c6g,Computing,c,48.0,96.0,19340.1904786,AWS Graviton2 Processor,Neoverse-N1,AWS
c6g.12xlarge,ap-northeast-1,apne1-az2,3,10.0,15.0,2.5,2.0544,0.5956,71,c6g,Computing,c,48.0,96.0,19340.1904786,AWS Graviton2 Processor,Neoverse-N1,AWS
c6g.12xlarge,ap-northeast-1,apne1-az4,3,1.0,5.0,2.5,2.0544,0.6435,68,c6g,Computing,c,48.0,96.0,19340.1904786,AWS Graviton2 Processor,Neoverse-N1,AWS
c6g.16xlarge,ap-northeast-1,apne1-az1,3,1.0,1.0,2.5,2.7392,0.8292,69,c6g,Computing,c,64.0,128.0,19338.6211634,AWS Graviton2 Processor,Neoverse-N1,AWS
c6g.16xlarge,ap-northeast-1,apne1-az2,3,1.0,1.0,2.5,2.7392,0.8149,70,c6g,Computing,c,64.0,128.0,19338.6211634,AWS Graviton2 Processor,Neoverse-N1,AWS
c6g.16xlarge,ap-northeast-1,apne1-az4,3,10.0,15.0,2.5,2.7392,0.7735,71,c6g,Computing,c,64.0,128.0,19338.6211634,AWS Graviton2 Processor,Neoverse-N1,AWS
c6g.2xlarge,ap-northeast-1,apne1-az1,3,10.0,15.0,1.0,0.3424,0.1244,63,c6g,Computing,c,8.0,16.0,19334.7323786,AWS Graviton2 Processor,Neoverse-N1,AWS
c6g.2xlarge,ap-northeast-1,apne1-az2,3,5.0,10.0,1.0,0.3424,0.1156,66,c6g,Computing,c,8.0,16.0,19334.7323786,AWS Graviton2 Processor,Neoverse-N1,AWS
c6g.2xlarge,ap-northeast-1,apne1-az4,3,5.0,10.0,1.0,0.3424,0.1357,60,c6g,Computing,c,8.0,16.0,19334.7323786,AWS Graviton2 Processor,Neoverse-N1,AWS
c6g.4xlarge,ap-northeast-1,apne1-az1,3,50.0,50.0,3.0,0.6848,0.2408,64,c6g,Computing,c,16.0,32.0,19336.901911,AWS Graviton2 Processor,Neoverse-N1,AWS
c6g.4xlarge,ap-northeast-1,apne1-az2,3,25.0,35.0,3.0,0.6848,0.2164,68,c6g,Computing,c,16.0,32.0,19336.901911,AWS Graviton2 Processor,Neoverse-N1,AWS
c6g.4xlarge,ap-northeast-1,apne1-az4,3,45.0,50.0,3.0,0.6848,0.2403,64,c6g,Computing,c,16.0,32.0,19336.901911,AWS Graviton2 Processor,Neoverse-N1,AWS
c6g.8xlarge,ap-northeast-1,apne1-az1,3,40.0,50.0,2.5,1.3696,0.4954,63,c6g,Computing,c,32.0,64.0,19338.9945948,AWS Graviton2 Processor,Neoverse-N1,AWS
c6g.8xlarge,ap-northeast-1,apne1-az2,3,20.0,30.0,2.5,1.3696,0.4518,67,c6g,Computing,c,32.0,64.0,19338.9945948,AWS Graviton2 Processor,Neoverse-N1,AWS
c6g.8xlarge,ap-northeast-1,apne1-az4,3,10.0,15.0,2.5,1.3696,0.4242,69,c6g,Computing,c,32.0,64.0,19338.9945948,AWS Graviton2 Processor,Neoverse-N1,AWS
c6g.large,ap-northeast-1,apne1-az1,3,50.0,50.0,2.0,0.0856,0.0266,68,c6g,Computing,c,2.0,4.0,19338.172986800004,AWS Graviton2 Processor,Neoverse-N1,AWS
c6g.large,ap-northeast-1,apne1-az2,3,5.0,15.0,2.0,0.0856,0.0401,53,c6g,Computing,c,2.0,4.0,19338.172986800004,AWS Graviton2 Processor,Neoverse-N1,AWS
c6g.large,ap-northeast-1,apne1-az4,3,15.0,25.0,2.0,0.0856,0.0279,67,c6g,Computing,c,2.0,4.0,19338.172986800004,AWS Graviton2 Processor,Neoverse-N1,AWS
c6g.medium,ap-northeast-1,apne1-az1,3,15.0,25.0,3.0,0.0428,0.0142,66,c6g,Computing,c,1.0,2.0,19336.375908,AWS Graviton2 Processor,Neoverse-N1,AWS
c6g.medium,ap-northeast-1,apne1-az2,3,15.0,25.0,3.0,0.0428,0.0123,71,c6g,Computing,c,1.0,2.0,19336.375908,AWS Graviton2 Processor,Neoverse-N1,AWS
c6g.medium,ap-northeast-1,apne1-az4,3,10.0,15.0,3.0,0.0428,0.0163,61,c6g,Computing,c,1.0,2.0,19336.375908,AWS Graviton2 Processor,Neoverse-N1,AWS
c6g.xlarge,ap-northeast-1,apne1-az1,3,20.0,35.0,2.5,0.1712,0.0763,55,c6g,Computing,c,4.0,8.0,19240.044134999996,AWS Graviton2 Processor,Neoverse-N1,AWS
c6g.xlarge,ap-northeast-1,apne1-az2,3,15.0,20.0,2.5,0.1712,0.0563,67,c6g,Computing,c,4.0,8.0,19240.044134999996,AWS Graviton2 Processor,Neoverse-N1,AWS
c6g.xlarge,ap-northeast-1,apne1-az4,3,5.0,5.0,2.5,0.1712,0.0661,61,c6g,Computing,c,4.0,8.0,19240.044134999996,AWS Graviton2 Processor,Neoverse-N1,AWS
c6gd.12xlarge,ap-northeast-1,apne1-az1,3,20.0,30.0,1.0,2.352,0.7511,68,c6gd,Computing,c,48.0,96.0,19335.1098,AWS Graviton2 Processor,Neoverse-N1,AWS
c6gd.12xlarge,ap-northeast-1,apne1-az2,3,20.0,30.0,1.0,2.352,0.7085,69,c6gd,Computing,c,48.0,96.0,19335.1098,AWS Graviton2 Processor,Neoverse-N1,AWS
c6gd.12xlarge,ap-northeast-1,apne1-az4,3,10.0,20.0,1.0,2.352,0.6506,72,c6gd,Computing,c,48.0,96.0,19335.1098,AWS Graviton2 Processor,Neoverse-N1,AWS
c6gd.16xlarge,ap-northeast-1,apne1-az1,3,10.0,15.0,2.0,3.136,0.8868,71,c6gd,Computing,c,64.0,128.0,19331.0703,AWS Graviton2 Processor,Neoverse-N1,AWS
c6gd.16xlarge,ap-northeast-1,apne1-az2,3,5.0,15.0,2.0,3.136,1.0559,66,c6gd,Computing,c,64.0,128.0,19331.0703,AWS Graviton2 Processor,Neoverse-N1,AWS
c6gd.16xlarge,ap-northeast-1,apne1-az4,3,5.0,5.0,2.0,3.136,0.8577,72,c6gd,Computing,c,64.0,128.0,19331.0703,AWS Graviton2 Processor,Neoverse-N1,AWS
c6gd.2xlarge,ap-northeast-1,apne1-az1,3,35.0,50.0,1.0,0.392,0.1067,72,c6gd,Computing,c,8.0,16.0,19332.938,AWS Graviton2 Processor,Neoverse-N1,AWS
c6gd.2xlarge,ap-northeast-1,apne1-az2,3,40.0,50.0,1.0,0.392,0.1192,69,c6gd,Computing,c,8.0,16.0,19332.938,AWS Graviton2 Processor,Neoverse-N1,AWS
c6gd.2xlarge,ap-northeast-1,apne1-az4,3,30.0,45.0,1.0,0.392,0.1145,70,c6gd,Computing,c,8.0,16.0,19332.938,AWS Graviton2 Processor,Neoverse-N1,AWS
c6gd.4xlarge,ap-northeast-1,apne1-az1,3,1.0,5.0,1.0,0.784,0.258,67,c6gd,Computing,c,16.0,32.0,19340.5703,AWS Graviton2 Processor,Neoverse-N1,AWS
c6gd.4xlarge,ap-northeast-1,apne1-az2,1,0.0,0.0,1.0,0.784,0.2537,67,c6gd,Computing,c,16.0,32.0,19340.5703,AWS Graviton2 Processor,Neoverse-N1,AWS
c6gd.4xlarge,ap-northeast-1,apne1-az4,3,1.0,1.0,1.0,0.784,0.2555,67,c6gd,Computing,c,16.0,32.0,19340.5703,AWS Graviton2 Processor,Neoverse-N1,AWS
c6gd.8xlarge,ap-northeast-1,apne1-az1,3,10.0,15.0,1.5,1.568,0.5172,67,c6gd,Computing,c,32.0,64.0,19343.8567,AWS Graviton2 Processor,Neoverse-N1,AWS
c6gd.8xlarge,ap-northeast-1,apne1-az2,3,1.0,1.0,1.5,1.568,0.4689,70,c6gd,Computing,c,32.0,64.0,19343.8567,AWS Graviton2 Processor,Neoverse-N1,AWS
c6gd.8xlarge,ap-northeast-1,apne1-az4,3,5.0,10.0,1.5,1.568,0.4667,70,c6gd,Computing,c,32.0,64.0,19343.8567,AWS Graviton2 Processor,Neoverse-N1,AWS
c6gd.large,ap-northeast-1,apne1-az1,3,1.0,5.0,2.5,0.098,0.0301,69,c6gd,Computing,c,2.0,4.0,19339.7418,AWS Graviton2 Processor,Neoverse-N1,AWS
c6gd.large,ap-northeast-1,apne1-az2,3,1.0,5.0,2.5,0.098,0.0322,67,c6gd,Computing,c,2.0,4.0,19339.7418,AWS Graviton2 Processor,Neoverse-N1,AWS
c6gd.large,ap-northeast-1,apne1-az4,3,5.0,10.0,2.5,0.098,0.0358,63,c6gd,Computing,c,2.0,4.0,19339.7418,AWS Graviton2 Processor,Neoverse-N1,AWS
c6gd.medium,ap-northeast-1,apne1-az1,3,15.0,20.0,3.0,0.049,0.0147,70,c6gd,Computing,c,1.0,2.0,19343.0382,AWS Graviton2 Processor,Neoverse-N1,AWS
c6gd.medium,ap-northeast-1,apne1-az2,3,5.0,10.0,3.0,0.049,0.0144,70,c6gd,Computing,c,1.0,2.0,19343.0382,AWS Graviton2 Processor,Neoverse-N1,AWS
c6gd.medium,ap-northeast-1,apne1-az4,3,5.0,10.0,3.0,0.049,0.0165,66,c6gd,Computing,c,1.0,2.0,19343.0382,AWS Graviton2 Processor,Neoverse-N1,AWS
c6gd.xlarge,ap-northeast-1,apne1-az1,3,5.0,5.0,1.5,0.196,0.067,65,c6gd,Computing,c,4.0,8.0,19339.6675,AWS Graviton2 Processor,Neoverse-N1,AWS
c6gd.xlarge,ap-northeast-1,apne1-az2,3,1.0,1.0,1.5,0.196,0.065,66,c6gd,Computing,c,4.0,8.0,19339.6675,AWS Graviton2 Processor,Neoverse-N1,AWS
c6gd.xlarge,ap-northeast-1,apne1-az4,3,1.0,5.0,1.5,0.196,0.0695,64,c6gd,Computing,c,4.0,8.0,19339.6675,AWS Graviton2 Processor,Neoverse-N1,AWS
c6gn.12xlarge,ap-northeast-1,apne1-az1,3,10.0,15.0,2.5,2.616,0.8128,68,c6gn,Computing,c,48.0,96.0,19336.9770258,AWS Graviton2 Processor,Neoverse-N1,AWS
c6gn.12xlarge,ap-northeast-1,apne1-az2,2,0.0,1.0,2.5,2.616,0.8697,66,c6gn,Computing,c,48.0,96.0,19336.9770258,AWS Graviton2 Processor,Neoverse-N1,AWS
c6gn.12xlarge,ap-northeast-1,apne1-az4,1,0.0,0.0,2.5,2.616,0.8047,69,c6gn,Computing,c,48.0,96.0,19336.9770258,AWS Graviton2 Processor,Neoverse-N1,AWS
c6gn.16xlarge,ap-northeast-1,apne1-az1,3,25.0,40.0,3.0,3.488,1.1632,66,c6gn,Computing,c,64.0,128.0,19332.7130206,AWS Graviton2 Processor,Neoverse-N1,AWS
c6gn.16xlarge,ap-northeast-1,apne1-az2,3,5.0,10.0,3.0,3.488,1.079,69,c6gn,Computing,c,64.0,128.0,19332.7130206,AWS Graviton2 Processor,Neoverse-N1,AWS
c6gn.16xlarge,ap-northeast-1,apne1-az4,1,0.0,0.0,3.0,3.488,1.1502,67,c6gn,Computing,c,64.0,128.0,19332.7130206,AWS Graviton2 Processor,Neoverse-N1,AWS
c6gn.2xlarge,ap-northeast-1,apne1-az1,3,1.0,5.0,1.0,0.436,0.1321,69,c6gn,Computing,c,8.0,16.0,19330.7700704,AWS Graviton2 Processor,Neoverse-N1,AWS
c6gn.2xlarge,ap-northeast-1,apne1-az2,3,1.0,1.0,1.0,0.436,0.1306,70,c6gn,Computing,c,8.0,16.0,19330.7700704,AWS Graviton2 Processor,Neoverse-N1,AWS
c6gn.2xlarge,ap-northeast-1,apne1-az4,3,1.0,1.0,1.0,0.436,0.1543,64,c6gn,Computing,c,8.0,16.0,19330.7700704,AWS Graviton2 Processor,Neoverse-N1,AWS
c6gn.4xlarge,ap-northeast-1,apne1-az1,3,5.0,5.0,2.5,0.872,0.2777,68,c6gn,Computing,c,16.0,32.0,19333.908780599995,AWS Graviton2 Processor,Neoverse-N1,AWS
c6gn.4xlarge,ap-northeast-1,apne1-az2,3,1.0,1.0,2.5,0.872,0.2867,67,c6gn,Computing,c,16.0,32.0,19333.908780599995,AWS Graviton2 Processor,Neoverse-N1,AWS
c6gn.4xlarge,ap-northeast-1,apne1-az4,1,0.0,0.0,2.5,0.872,0.251,71,c6gn,Computing,c,16.0,32.0,19333.908780599995,AWS Graviton2 Processor,Neoverse-N1,AWS
c6gn.8xlarge,ap-northeast-1,apne1-az1,3,10.0,15.0,2.0,1.744,0.5103,70,c6gn,Computing,c,32.0,64.0,19339.3687546,AWS Graviton2 Processor,Neoverse-N1,AWS
c6gn.8xlarge,ap-northeast-1,apne1-az2,3,10.0,15.0,2.0,1.744,0.5572,68,c6gn,Computing,c,32.0,64.0,19339.3687546,AWS Graviton2 Processor,Neoverse-N1,AWS
c6gn.8xlarge,ap-northeast-1,apne1-az4,1,0.0,0.0,2.0,1.744,0.4929,71,c6gn,Computing,c,32.0,64.0,19339.3687546,AWS Graviton2 Processor,Neoverse-N1,AWS
c6gn.large,ap-northeast-1,apne1-az1,3,25.0,40.0,2.0,0.109,0.0363,66,c6gn,Computing,c,2.0,4.0,19340.7147556,AWS Graviton2 Processor,Neoverse-N1,AWS
c6gn.large,ap-northeast-1,apne1-az2,3,10.0,10.0,2.0,0.109,0.0327,70,c6gn,Computing,c,2.0,4.0,19340.7147556,AWS Graviton2 Processor,Neoverse-N1,AWS
c6gn.large,ap-northeast-1,apne1-az4,2,0.0,1.0,2.0,0.109,0.0361,66,c6gn,Computing,c,2.0,4.0,19340.7147556,AWS Graviton2 Processor,Neoverse-N1,AWS
c6gn.medium,ap-northeast-1,apne1-az1,3,40.0,50.0,3.0,0.0545,0.016,70,c6gn,Computing,c,1.0,2.0,19318.908766400004,AWS Graviton2 Processor,Neoverse-N1,AWS
c6gn.medium,ap-northeast-1,apne1-az2,3,15.0,25.0,3.0,0.0545,0.0166,69,c6gn,Computing,c,1.0,2.0,19318.908766400004,AWS Graviton2 Processor,Neoverse-N1,AWS
c6gn.medium,ap-northeast-1,apne1-az4,3,10.0,15.0,3.0,0.0545,0.0201,63,c6gn,Computing,c,1.0,2.0,19318.908766400004,AWS Graviton2 Processor,Neoverse-N1,AWS
c6gn.xlarge,ap-northeast-1,apne1-az1,3,10.0,15.0,3.0,0.218,0.0719,67,c6gn,Computing,c,4.0,8.0,19338.3219264,AWS Graviton2 Processor,Neoverse-N1,AWS
c6gn.xlarge,ap-northeast-1,apne1-az2,3,1.0,1.0,3.0,0.218,0.0713,67,c6gn,Computing,c,4.0,8.0,19338.3219264,AWS Graviton2 Processor,Neoverse-N1,AWS
c6gn.xlarge,ap-northeast-1,apne1-az4,3,1.0,1.0,3.0,0.218,0.0672,69,c6gn,Computing,c,4.0,8.0,19338.3219264,AWS Graviton2 Processor,Neoverse-N1,AWS
c6i.12xlarge,ap-northeast-1,apne1-az1,3,1.0,5.0,1.0,2.568,0.7328,71,c6i,Computing,c,48.0,96.0,28988.062929999996,Intel(R) Xeon(R) Platinum 8375C CPU @ 2.90GHz,Intel(R) Xeon(R) Platinum 8375C CPU @ 2.90GHz,Intel
c6i.12xlarge,ap-northeast-1,apne1-az2,3,1.0,1.0,1.0,2.568,0.8107,68,c6i,Computing,c,48.0,96.0,28988.062929999996,Intel(R) Xeon(R) Platinum 8375C CPU @ 2.90GHz,Intel(R) Xeon(R) Platinum 8375C CPU @ 2.90GHz,Intel
c6i.12xlarge,ap-northeast-1,apne1-az4,3,5.0,5.0,1.0,2.568,0.8111,68,c6i,Computing,c,48.0,96.0,28988.062929999996,Intel(R) Xeon(R) Platinum 8375C CPU @ 2.90GHz,Intel(R) Xeon(R) Platinum 8375C CPU @ 2.90GHz,Intel
c6i.16xlarge,ap-northeast-1,apne1-az1,3,1.0,1.0,1.0,3.424,1.1849,65,c6i,Computing,c,64.0,128.0,28992.4932682,Intel(R) Xeon(R) Platinum 8375C CPU @ 2.90GHz,Intel(R) Xeon(R) Platinum 8375C CPU @ 2.90GHz,Intel
c6i.16xlarge,ap-northeast-1,apne1-az2,3,1.0,1.0,1.0,3.424,1.1438,66,c6i,Computing,c,64.0,128.0,28992.4932682,Intel(R) Xeon(R) Platinum 8375C CPU @ 2.90GHz,Intel(R) Xeon(R) Platinum 8375C CPU @ 2.90GHz,Intel
c6i.16xlarge,ap-northeast-1,apne1-az4,3,1.0,1.0,1.0,3.424,1.1155,67,c6i,Computing,c,64.0,128.0,28992.4932682,Intel(R) Xeon(R) Platinum 8375C CPU @ 2.90GHz,Intel(R) Xeon(R) Platinum 8375C CPU @ 2.90GHz,Intel
c6i.24xlarge,ap-northeast-1,apne1-az1,2,0.0,1.0,1.0,5.136,1.5185,70,c6i,Computing,c,96.0,192.0,28987.8711202,Intel(R) Xeon(R) Platinum 8375C CPU @ 2.90GHz,Intel(R) Xeon(R) Platinum 8375C CPU @ 2.90GHz,Intel
c6i.24xlarge,ap-northeast-1,apne1-az2,1,0.0,0.0,1.0,5.136,1.6575,67,c6i,Computing,c,96.0,192.0,28987.8711202,Intel(R) Xeon(R) Platinum 8375C CPU @ 2.90GHz,Intel(R) Xeon(R) Platinum 8375C CPU @ 2.90GHz,Intel
c6i.24xlarge,ap-northeast-1,apne1-az4,2,0.0,1.0,1.0,5.136,1.5753,69,c6i,Computing,c,96.0,192.0,28987.8711202,Intel(R) Xeon(R) Platinum 8375C CPU @ 2.90GHz,Intel(R) Xeon(R) Platinum 8375C CPU @ 2.90GHz,Intel
c6i.2xlarge,ap-northeast-1,apne1-az1,3,25.0,45.0,1.0,0.428,0.1493,65,c6i,Computing,c,8.0,16.0,28993.581941399996,Intel(R) Xeon(R) Platinum 8375C CPU @ 2.90GHz,Intel(R) Xeon(R) Platinum 8375C CPU @ 2.90GHz,Intel
c6i.2xlarge,ap-northeast-1,apne1-az2,3,10.0,15.0,1.0,0.428,0.1508,64,c6i,Computing,c,8.0,16.0,28993.581941399996,Intel(R) Xeon(R) Platinum 8375C CPU @ 2.90GHz,Intel(R) Xeon(R) Platinum 8375C CPU @ 2.90GHz,Intel
c6i.2xlarge,ap-northeast-1,apne1-az4,3,50.0,50.0,1.0,0.428,0.1439,66,c6i,Computing,c,8.0,16.0,28993.581941399996,Intel(R) Xeon(R) Platinum 8375C CPU @ 2.90GHz,Intel(R) Xeon(R) Platinum 8375C CPU @ 2.90GHz,Intel
c6i.32xlarge,ap-northeast-1,apne1-az1,3,1.0,1.0,2.5,6.848,2.1156,69,c6i,Computing,c,128.0,256.0,29018.165251799997,Intel(R) Xeon(R) Platinum 8375C CPU @ 2.90GHz,Intel(R) Xeon(R) Platinum 8375C CPU @ 2.90GHz,Intel
c6i.32xlarge,ap-northeast-1,apne1-az2,1,0.0,0.0,2.5,6.848,2.1106,69,c6i,Computing,c,128.0,256.0,29018.165251799997,Intel(R) Xeon(R) Platinum 8375C CPU @ 2.90GHz,Intel(R) Xeon(R) Platinum 8375C CPU @ 2.90GHz,Intel
c6i.32xlarge,ap-northeast-1,apne1-az4,3,1.0,1.0,2.5,6.848,2.0552,69,c6i,Computing,c,128.0,256.0,29018.165251799997,Intel(R) Xeon(R) Platinum 8375C CPU @ 2.90GHz,Intel(R) Xeon(R) Platinum 8375C CPU @ 2.90GHz,Intel
c6i.4xlarge,ap-northeast-1,apne1-az1,3,20.0,30.0,1.0,0.856,0.2773,67,c6i,Computing,c,16.0,32.0,28990.399477599996,Intel(R) Xeon(R) Platinum 8375C CPU @ 2.90GHz,Intel(R) Xeon(R) Platinum 8375C CPU @ 2.90GHz,Intel
c6i.4xlarge,ap-northeast-1,apne1-az2,3,20.0,30.0,1.0,0.856,0.2626,69,c6i,Computing,c,16.0,32.0,28990.399477599996,Intel(R) Xeon(R) Platinum 8375C CPU @ 2.90GHz,Intel(R) Xeon(R) Platinum 8375C CPU @ 2.90GHz,Intel
c6i.4xlarge,ap-northeast-1,apne1-az4,3,40.0,50.0,1.0,0.856,0.3191,62,c6i,Computing,c,16.0,32.0,28990.399477599996,Intel(R) Xeon(R) Platinum 8375C CPU @ 2.90GHz,Intel(R) Xeon(R) Platinum 8375C CPU @ 2.90GHz,Intel
c6i.8xlarge,ap-northeast-1,apne1-az1,3,5.0,15.0,1.0,1.712,0.5111,70,c6i,Computing,c,32.0,64.0,28991.614398399997,Intel(R) Xeon(R) Platinum 8375C CPU @ 2.90GHz,Intel(R) Xeon(R) Platinum 8375C CPU @ 2.90GHz,Intel
c6i.8xlarge,ap-northeast-1,apne1-az2,3,15.0,25.0,1.0,1.712,0.5307,69,c6i,Computing,c,32.0,64.0,28991.614398399997,Intel(R) Xeon(R) Platinum 8375C CPU @ 2.90GHz,Intel(R) Xeon(R) Platinum 8375C CPU @ 2.90GHz,Intel
c6i.8xlarge,ap-northeast-1,apne1-az4,3,10.0,15.0,1.0,1.712,0.5224,69,c6i,Computing,c,32.0,64.0,28991.614398399997,Intel(R) Xeon(R) Platinum 8375C CPU @ 2.90GHz,Intel(R) Xeon(R) Platinum 8375C CPU @ 2.90GHz,Intel
c6i.large,ap-northeast-1,apne1-az1,3,50.0,50.0,2.0,0.107,0.0337,68,c6i,Computing,c,2.0,4.0,28979.9723826,Intel(R) Xeon(R) Platinum 8375C CPU @ 2.90GHz,Intel(R) Xeon(R) Platinum 8375C CPU @ 2.90GHz,Intel
c6i.large,ap-northeast-1,apne1-az2,3,15.0,20.0,2.0,0.107,0.0324,69,c6i,Computing,c,2.0,4.0,28979.9723826,Intel(R) Xeon(R) Platinum 8375C CPU @ 2.90GHz,Intel(R) Xeon(R) Platinum 8375C CPU @ 2.90GHz,Intel
c6i.large,ap-northeast-1,apne1-az4,3,50.0,50.0,2.0,0.107,0.033,69,c6i,Computing,c,2.0,4.0,28979.9723826,Intel(R) Xeon(R) Platinum 8375C CPU @ 2.90GHz,Intel(R) Xeon(R) Platinum 8375C CPU @ 2.90GHz,Intel
c6i.xlarge,ap-northeast-1,apne1-az1,3,50.0,50.0,1.0,0.214,0.0691,67,c6i,Computing,c,4.0,8.0,28981.01301,Intel(R) Xeon(R) Platinum 8375C CPU @ 2.90GHz,Intel(R) Xeon(R) Platinum 8375C CPU @ 2.90GHz,Intel
c6i.xlarge,ap-northeast-1,apne1-az2,3,15.0,25.0,1.0,0.214,0.0656,69,c6i,Computing,c,4.0,8.0,28981.01301,Intel(R) Xeon(R) Platinum 8375C CPU @ 2.90GHz,Intel(R) Xeon(R) Platinum 8375C CPU @ 2.90GHz,Intel
c6i.xlarge,ap-northeast-1,apne1-az4,3,50.0,50.0,1.0,0.214,0.0664,68,c6i,Computing,c,4.0,8.0,28981.01301,Intel(R) Xeon(R) Platinum 8375C CPU @ 2.90GHz,Intel(R) Xeon(R) Platinum 8375C CPU @ 2.90GHz,Intel
c6id.12xlarge,ap-northeast-1,apne1-az1,1,0.0,0.0,1.0,3.0744,0.9258,69,c6id,Computing,c,48.0,96.0,28961.0229,Intel(R) Xeon(R) Platinum 8375C CPU @ 2.90GHz,Intel(R) Xeon(R) Platinum 8375C CPU @ 2.90GHz,Intel
c6id.12xlarge,ap-northeast-1,apne1-az2,3,1.0,1.0,1.0,3.0744,0.937,69,c6id,Computing,c,48.0,96.0,28961.0229,Intel(R) Xeon(R) Platinum 8375C CPU @ 2.90GHz,Intel(R) Xeon(R) Platinum 8375C CPU @ 2.90GHz,Intel
c6id.12xlarge,ap-northeast-1,apne1-az4,3,1.0,1.0,1.0,3.0744,1.004,67,c6id,Computing,c,48.0,96.0,28961.0229,Intel(R) Xeon(R) Platinum 8375C CPU @ 2.90GHz,Intel(R) Xeon(R) Platinum 8375C CPU @ 2.90GHz,Intel
c6id.16xlarge,ap-northeast-1,apne1-az1,2,0.0,1.0,1.0,4.0992,1.235,69,c6id,Computing,c,64.0,128.0,28990.2103,Intel(R) Xeon(R) Platinum 8375C CPU @ 2.90GHz,Intel(R) Xeon(R) Platinum 8375C CPU @ 2.90GHz,Intel
c6id.16xlarge,ap-northeast-1,apne1-az2,2,0.0,1.0,1.0,4.0992,1.2625,69,c6id,Computing,c,64.0,128.0,28990.2103,Intel(R) Xeon(R) Platinum 8375C CPU @ 2.90GHz,Intel(R) Xeon(R) Platinum 8375C CPU @ 2.90GHz,Intel
c6id.16xlarge,ap-northeast-1,apne1-az4,3,1.0,1.0,1.0,4.0992,1.1324,72,c6id,Computing,c,64.0,128.0,28990.2103,Intel(R) Xeon(R) Platinum 8375C CPU @ 2.90GHz,Intel(R) Xeon(R) Platinum 8375C CPU @ 2.90GHz,Intel
c6id.24xlarge,ap-northeast-1,apne1-az1,1,0.0,0.0,1.0,6.1488,1.8197,70,c6id,Computing,c,96.0,192.0,29012.2559,Intel(R) Xeon(R) Platinum 8375C CPU @ 2.90GHz,Intel(R) Xeon(R) Platinum 8375C CPU @ 2.90GHz,Intel
c6id.24xlarge,ap-northeast-1,apne1-az2,3,1.0,1.0,1.0,6.1488,1.8495,69,c6id,Computing,c,96.0,192.0,29012.2559,Intel(R) Xeon(R) Platinum 8375C CPU @ 2.90GHz,Intel(R) Xeon(R) Platinum 8375C CPU @ 2.90GHz,Intel
c6id.24xlarge,ap-northeast-1,apne1-az4,2,0.0,1.0,1.0,6.1488,1.8943,69,c6id,Computing,c,96.0,192.0,29012.2559,Intel(R) Xeon(R) Platinum 8375C CPU @ 2.90GHz,Intel(R) Xeon(R) Platinum 8375C CPU @ 2.90GHz,Intel
c6id.2xlarge,ap-northeast-1,apne1-az1,3,1.0,1.0,1.0,0.5124,0.224,56,c6id,Computing,c,8.0,16.0,28941.9924,Intel(R) Xeon(R) Platinum 8375C CPU @ 2.90GHz,Intel(R) Xeon(R) Platinum 8375C CPU @ 2.90GHz,Intel
c6id.2xlarge,ap-northeast-1,apne1-az2,3,1.0,5.0,1.0,0.5124,0.1941,62,c6id,Computing,c,8.0,16.0,28941.9924,Intel(R) Xeon(R) Platinum 8375C CPU @ 2.90GHz,Intel(R) Xeon(R) Platinum 8375C CPU @ 2.90GHz,Intel
c6id.2xlarge,ap-northeast-1,apne1-az4,3,1.0,5.0,1.0,0.5124,0.2111,58,c6id,Computing,c,8.0,16.0,28941.9924,Intel(R) Xeon(R) Platinum 8375C CPU @ 2.90GHz,Intel(R) Xeon(R) Platinum 8375C CPU @ 2.90GHz,Intel
c6id.32xlarge,ap-northeast-1,apne1-az1,2,0.0,1.0,1.0,8.1984,2.3823,70,c6id,Computing,c,128.0,256.0,29015.6428,Intel(R) Xeon(R) Platinum 8375C CPU @ 2.90GHz,Intel(R) Xeon(R) Platinum 8375C CPU @ 2.90GHz,Intel
c6id.32xlarge,ap-northeast-1,apne1-az2,3,1.0,1.0,1.0,8.1984,2.5599,68,c6id,Computing,c,128.0,256.0,29015.6428,Intel(R) Xeon(R) Platinum 8375C CPU @ 2.90GHz,Intel(R) Xeon(R) Platinum 8375C CPU @ 2.90GHz,Intel
c6id.32xlarge,ap-northeast-1,apne1-az4,2,0.0,1.0,1.0,8.1984,2.5287,69,c6id,Computing,c,128.0,256.0,29015.6428,Intel(R) Xeon(R) Platinum 8375C CPU @ 2.90GHz,Intel(R) Xeon(R) Platinum 8375C CPU @ 2.90GHz,Intel
c6id.4xlarge,ap-northeast-1,apne1-az1,3,1.0,5.0,1.0,1.0248,0.3231,68,c6id,Computing,c,16.0,32.0,28976.8133,Intel(R) Xeon(R) Platinum 8375C CPU @ 2.90GHz,Intel(R) Xeon(R) Platinum 8375C CPU @ 2.90GHz,Intel
c6id.4xlarge,ap-northeast-1,apne1-az2,3,5.0,10.0,1.0,1.0248,0.3157,69,c6id,Computing,c,16.0,32.0,28976.8133,Intel(R) Xeon(R) Platinum 8375C CPU @ 2.90GHz,Intel(R) Xeon(R) Platinum 8375C CPU @ 2.90GHz,Intel
c6id.4xlarge,ap-northeast-1,apne1-az4,3,5.0,10.0,1.0,1.0248,0.3691,63,c6id,Computing,c,16.0,32.0,28976.8133,Intel(R) Xeon(R) Platinum 8375C CPU @ 2.90GHz,Intel(R) Xeon(R) Platinum 8375C CPU @ 2.90GHz,Intel
c6id.8xlarge,ap-northeast-1,apne1-az1,3,1.0,1.0,1.0,2.0496,0.6373,68,c6id,Computing,c,32.0,64.0,28993.0782,Intel(R) Xeon(R) Platinum 8375C CPU @ 2.90GHz,Intel(R) Xeon(R) Platinum 8375C CPU @ 2.90GHz,Intel
c6id.8xlarge,ap-northeast-1,apne1-az2,3,1.0,1.0,1.0,2.0496,0.6347,69,c6id,Computing,c,32.0,64.0,28993.0782,Intel(R) Xeon(R) Platinum 8375C CPU @ 2.90GHz,Intel(R) Xeon(R) Platinum 8375C CPU @ 2.90GHz,Intel
c6id.8xlarge,ap-northeast-1,apne1-az4,3,1.0,1.0,1.0,2.0496,0.6504,68,c6id,Computing,c,32.0,64.0,28993.0782,Intel(R) Xeon(R) Platinum 8375C CPU @ 2.90GHz,Intel(R) Xeon(R) Platinum 8375C CPU @ 2.90GHz,Intel
c6id.large,ap-northeast-1,apne1-az1,3,1.0,5.0,1.5,0.1281,0.0428,66,c6id,Computing,c,2.0,4.0,28984.3719,Intel(R) Xeon(R) Platinum 8375C CPU @ 2.90GHz,Intel(R) Xeon(R) Platinum 8375C CPU @ 2.90GHz,Intel
c6id.large,ap-northeast-1,apne1-az2,3,5.0,5.0,1.5,0.1281,0.0408,68,c6id,Computing,c,2.0,4.0,28984.3719,Intel(R) Xeon(R) Platinum 8375C CPU @ 2.90GHz,Intel(R) Xeon(R) Platinum 8375C CPU @ 2.90GHz,Intel
c6id.large,ap-northeast-1,apne1-az4,3,5.0,10.0,1.5,0.1281,0.0431,66,c6id,Computing,c,2.0,4.0,28984.3719,Intel(R) Xeon(R) Platinum 8375C CPU @ 2.90GHz,Intel(R) Xeon(R) Platinum 8375C CPU @ 2.90GHz,Intel
c6id.xlarge,ap-northeast-1,apne1-az1,3,1.0,1.0,1.0,0.2562,0.0819,68,c6id,Computing,c,4.0,8.0,28966.9726,Intel(R) Xeon(R) Platinum 8375C CPU @ 2.90GHz,Intel(R) Xeon(R) Platinum 8375C CPU @ 2.90GHz,Intel
c6id.xlarge,ap-northeast-1,apne1-az2,3,5.0,10.0,1.0,0.2562,0.0691,73,c6id,Computing,c,4.0,8.0,28966.9726,Intel(R) Xeon(R) Platinum 8375C CPU @ 2.90GHz,Intel(R) Xeon(R) Platinum 8375C CPU @ 2.90GHz,Intel
c6id.xlarge,ap-northeast-1,apne1-az4,3,1.0,5.0,1.0,0.2562,0.0843,67,c6id,Computing,c,4.0,8.0,28966.9726,Intel(R) Xeon(R) Platinum 8375C CPU @ 2.90GHz,Intel(R) Xeon(R) Platinum 8375C CPU @ 2.90GHz,Intel
c6in.12xlarge,ap-northeast-1,apne1-az1,3,5.0,10.0,2.5,3.4272,1.2663,63,c6in,Computing,c,48.0,96.0,29019.6688264,Intel(R) Xeon(R) Platinum 8375C CPU @ 2.90GHz,Intel(R) Xeon(R) Platinum 8375C CPU @ 2.90GHz,Intel
c6in.12xlarge,ap-northeast-1,apne1-az2,3,1.0,1.0,2.5,3.4272,1.032,69,c6in,Computing,c,48.0,96.0,29019.6688264,Intel(R) Xeon(R) Platinum 8375C CPU @ 2.90GHz,Intel(R) Xeon(R) Platinum 8375C CPU @ 2.90GHz,Intel
c6in.12xlarge,ap-northeast-1,apne1-az4,3,1.0,5.0,2.5,3.4272,1.1814,65,c6in,Computing,c,48.0,96.0,29019.6688264,Intel(R) Xeon(R) Platinum 8375C CPU @ 2.90GHz,Intel(R) Xeon(R) Platinum 8375C CPU @ 2.90GHz,Intel
c6in.16xlarge,ap-northeast-1,apne1-az1,3,1.0,1.0,3.0,4.5696,1.6871,63,c6in,Computing,c,64.0,128.0,29027.4226862,Intel(R) Xeon(R) Platinum 8375C CPU @ 2.90GHz,Intel(R) Xeon(R) Platinum 8375C CPU @ 2.90GHz,Intel
c6in.16xlarge,ap-northeast-1,apne1-az2,2,0.0,1.0,3.0,4.5696,1.382,69,c6in,Computing,c,64.0,128.0,29027.4226862,Intel(R) Xeon(R) Platinum 8375C CPU @ 2.90GHz,Intel(R) Xeon(R) Platinum 8375C CPU @ 2.90GHz,Intel
c6in.16xlarge,ap-northeast-1,apne1-az4,3,10.0,20.0,3.0,4.5696,1.7023,62,c6in,Computing,c,64.0,128.0,29027.4226862,Intel(R) Xeon(R) Platinum 8375C CPU @ 2.90GHz,Intel(R) Xeon(R) Platinum 8375C CPU @ 2.90GHz,Intel
c6in.24xlarge,ap-northeast-1,apne1-az1,3,1.0,5.0,3.0,6.8544,1.997,70,c6in,Computing,c,96.0,192.0,29013.6204948,Intel(R) Xeon(R) Platinum 8375C CPU @ 2.90GHz,Intel(R) Xeon(R) Platinum 8375C CPU @ 2.90GHz,Intel
c6in.24xlarge,ap-northeast-1,apne1-az2,2,0.0,1.0,3.0,6.8544,1.9259,71,c6in,Computing,c,96.0,192.0,29013.6204948,Intel(R) Xeon(R) Platinum 8375C CPU @ 2.90GHz,Intel(R) Xeon(R) Platinum 8375C CPU @ 2.90GHz,Intel
c6in.24xlarge,ap-northeast-1,apne1-az4,3,1.0,1.0,3.0,6.8544,2.3771,65,c6in,Computing,c,96.0,192.0,29013.6204948,Intel(R) Xeon(R) Platinum 8375C CPU @ 2.90GHz,Intel(R) Xeon(R) Platinum 8375C CPU @ 2.90GHz,Intel
c6in.2xlarge,ap-northeast-1,apne1-az1,3,5.0,5.0,2.5,0.5712,0.2391,58,c6in,Computing,c,8.0,16.0,28934.0283186,Intel(R) Xeon(R) Platinum 8375C CPU @ 2.90GHz,Intel(R) Xeon(R) Platinum 8375C CPU @ 2.90GHz,Intel
c6in.2xlarge,ap-northeast-1,apne1-az2,3,1.0,1.0,2.5,0.5712,0.1765,69,c6in,Computing,c,8.0,16.0,28934.0283186,Intel(R) Xeon(R) Platinum 8375C CPU @ 2.90GHz,Intel(R) Xeon(R) Platinum 8375C CPU @ 2.90GHz,Intel
c6in.2xlarge,ap-northeast-1,apne1-az4,3,1.0,1.0,2.5,0.5712,0.2654,53,c6in,Computing,c,8.0,16.0,28934.0283186,Intel(R) Xeon(R) Platinum 8375C CPU @ 2.90GHz,Intel(R) Xeon(R) Platinum 8375C CPU @ 2.90GHz,Intel
c6in.32xlarge,ap-northeast-1,apne1-az1,3,10.0,15.0,3.0,9.1392,2.8362,68,c6in,Computing,c,128.0,256.0,28975.820881599997,Intel(R) Xeon(R) Platinum 8375C CPU @ 2.90GHz,Intel(R) Xeon(R) Platinum 8375C CPU @ 2.90GHz,Intel
c6in.32xlarge,ap-northeast-1,apne1-az2,3,1.0,5.0,3.0,9.1392,2.9887,67,c6in,Computing,c,128.0,256.0,28975.820881599997,Intel(R) Xeon(R) Platinum 8375C CPU @ 2.90GHz,Intel(R) Xeon(R) Platinum 8375C CPU @ 2.90GHz,Intel
c6in.32xlarge,ap-northeast-1,apne1-az4,3,10.0,15.0,3.0,9.1392,2.7047,70,c6in,Computing,c,128.0,256.0,28975.820881599997,Intel(R) Xeon(R) Platinum 8375C CPU @ 2.90GHz,Intel(R) Xeon(R) Platinum 8375C CPU @ 2.90GHz,Intel
c6in.4xlarge,ap-northeast-1,apne1-az1,3,25.0,40.0,2.5,1.1424,0.4501,60,c6in,Computing,c,16.0,32.0,28975.161768800004,Intel(R) Xeon(R) Platinum 8375C CPU @ 2.90GHz,Intel(R) Xeon(R) Platinum 8375C CPU @ 2.90GHz,Intel
c6in.4xlarge,ap-northeast-1,apne1-az2,3,5.0,10.0,2.5,1.1424,0.3527,69,c6in,Computing,c,16.0,32.0,28975.161768800004,Intel(R) Xeon(R) Platinum 8375C CPU @ 2.90GHz,Intel(R) Xeon(R) Platinum 8375C CPU @ 2.90GHz,Intel
c6in.4xlarge,ap-northeast-1,apne1-az4,3,10.0,15.0,2.5,1.1424,0.5614,50,c6in,Computing,c,16.0,32.0,28975.161768800004,Intel(R) Xeon(R) Platinum 8375C CPU @ 2.90GHz,Intel(R) Xeon(R) Platinum 8375C CPU @ 2.90GHz,Intel
c6in.8xlarge,ap-northeast-1,apne1-az1,3,1.0,1.0,1.5,2.2848,0.8963,60,c6in,Computing,c,32.0,64.0,28996.797534200003,Intel(R) Xeon(R) Platinum 8375C CPU @ 2.90GHz,Intel(R) Xeon(R) Platinum 8375C CPU @ 2.90GHz,Intel
c6in.8xlarge,ap-northeast-1,apne1-az2,3,1.0,1.0,1.5,2.2848,0.738,67,c6in,Computing,c,32.0,64.0,28996.797534200003,Intel(R) Xeon(R) Platinum 8375C CPU @ 2.90GHz,Intel(R) Xeon(R) Platinum 8375C CPU @ 2.90GHz,Intel
c6in.8xlarge,ap-northeast-1,apne1-az4,3,10.0,15.0,1.5,2.2848,0.7842,65,c6in,Computing,c,32.0,64.0,28996.797534200003,Intel(R) Xeon(R) Platinum 8375C CPU @ 2.90GHz,Intel(R) Xeon(R) Platinum 8375C CPU @ 2.90GHz,Intel
c6in.large,ap-northeast-1,apne1-az1,3,25.0,40.0,3.0,0.1428,0.0494,65,c6in,Computing,c,2.0,4.0,28961.0424924,Intel(R) Xeon(R) Platinum 8375C CPU @ 2.90GHz,Intel(R) Xeon(R) Platinum 8375C CPU @ 2.90GHz,Intel
c6in.large,ap-northeast-1,apne1-az2,3,10.0,15.0,3.0,0.1428,0.0477,66,c6in,Computing,c,2.0,4.0,28961.0424924,Intel(R) Xeon(R) Platinum 8375C CPU @ 2.90GHz,Intel(R) Xeon(R) Platinum 8375C CPU @ 2.90GHz,Intel
c6in.large,ap-northeast-1,apne1-az4,3,20.0,30.0,3.0,0.1428,0.0578,59,c6in,Computing,c,2.0,4.0,28961.0424924,Intel(R) Xeon(R) Platinum 8375C CPU @ 2.90GHz,Intel(R) Xeon(R) Platinum 8375C CPU @ 2.90GHz,Intel
c6in.xlarge,ap-northeast-1,apne1-az1,3,10.0,20.0,3.0,0.2856,0.1068,62,c6in,Computing,c,4.0,8.0,28997.6357124,Intel(R) Xeon(R) Platinum 8375C CPU @ 2.90GHz,Intel(R) Xeon(R) Platinum 8375C CPU @ 2.90GHz,Intel
c6in.xlarge,ap-northeast-1,apne1-az2,3,5.0,5.0,3.0,0.2856,0.1006,64,c6in,Computing,c,4.0,8.0,28997.6357124,Intel(R) Xeon(R) Platinum 8375C CPU @ 2.90GHz,Intel(R) Xeon(R) Platinum 8375C CPU @ 2.90GHz,Intel
c6in.xlarge,ap-northeast-1,apne1-az4,3,5.0,10.0,3.0,0.2856,0.1273,55,c6in,Computing,c,4.0,8.0,28997.6357124,Intel(R) Xeon(R) Platinum 8375C CPU @ 2.90GHz,Intel(R) Xeon(R) Platinum 8375C CPU @ 2.90GHz,Intel
c7a.12xlarge,ap-northeast-1,apne1-az1,3,1.0,1.0,1.0,3.1008,1.2581,59,c7a,Computing,c,48.0,96.0,35551.062585,AMD EPYC 9R14,AMD EPYC 9R14,AuthenticAMD
c7a.12xlarge,ap-northeast-1,apne1-az2,3,1.0,1.0,1.0,3.1008,1.2143,60,c7a,Computing,c,48.0,96.0,35551.062585,AMD EPYC 9R14,AMD EPYC 9R14,AuthenticAMD
c7a.12xlarge,ap-northeast-1,apne1-az4,3,1.0,1.0,1.0,3.1008,1.6044,48,c7a,Computing,c,48.0,96.0,35551.062585,AMD EPYC 9R14,AMD EPYC 9R14,AuthenticAMD
c7a.16xlarge,ap-northeast-1,apne1-az1,2,0.0,1.0,2.5,4.1344,2.0124,51,c7a,Computing,c,64.0,128.0,35578.873547400006,AMD EPYC 9R14,AMD EPYC 9R14,AuthenticAMD
c7a.16xlarge,ap-northeast-1,apne1-az2,3,1.0,1.0,2.5,4.1344,1.2458,69,c7a,Computing,c,64.0,128.0,35578.873547400006,AMD EPYC 9R14,AMD EPYC 9R14,AuthenticAMD
c7a.16xlarge,ap-northeast-1,apne1-az4,3,1.0,1.0,2.5,4.1344,1.4232,65,c7a,Computing,c,64.0,128.0,35578.873547400006,AMD EPYC 9R14,AMD EPYC 9R14,AuthenticAMD
c7a.24xlarge,ap-northeast-1,apne1-az1,3,1.0,1.0,1.5,6.2016,2.0365,67,c7a,Computing,c,96.0,192.0,35612.5678924,AMD EPYC 9R14,AMD EPYC 9R14,AuthenticAMD
c7a.24xlarge,ap-northeast-1,apne1-az2,3,1.0,1.0,1.5,6.2016,2.1275,65,c7a,Computing,c,96.0,192.0,35612.5678924,AMD EPYC 9R14,AMD EPYC 9R14,AuthenticAMD
c7a.24xlarge,ap-northeast-1,apne1-az4,3,1.0,1.0,1.5,6.2016,2.13,65,c7a,Computing,c,96.0,192.0,35612.5678924,AMD EPYC 9R14,AMD EPYC 9R14,AuthenticAMD
c7a.2xlarge,ap-northeast-1,apne1-az1,3,10.0,15.0,1.0,0.5168,0.2265,56,c7a,Computing,c,8.0,16.0,35550.291669000006,AMD EPYC 9R14,AMD EPYC 9R14,AuthenticAMD
c7a.2xlarge,ap-northeast-1,apne1-az2,3,10.0,15.0,1.0,0.5168,0.192,62,c7a,Computing,c,8.0,16.0,35550.291669000006,AMD EPYC 9R14,AMD EPYC 9R14,AuthenticAMD
c7a.2xlarge,ap-northeast-1,apne1-az4,3,10.0,15.0,1.0,0.5168,0.2599,49,c7a,Computing,c,8.0,16.0,35550.291669000006,AMD EPYC 9R14,AMD EPYC 9R14,AuthenticAMD
c7a.32xlarge,ap-northeast-1,apne1-az1,3,1.0,1.0,2.5,8.2688,2.6012,68,c7a,Computing,c,128.0,256.0,35597.4270538,AMD EPYC 9R14,AMD EPYC 9R14,AuthenticAMD
c7a.32xlarge,ap-northeast-1,apne1-az2,3,1.0,1.0,2.5,8.2688,2.5038,69,c7a,Computing,c,128.0,256.0,35597.4270538,AMD EPYC 9R14,AMD EPYC 9R14,AuthenticAMD
c7a.32xlarge,ap-northeast-1,apne1-az4,3,1.0,1.0,2.5,8.2688,2.5645,68,c7a,Computing,c,128.0,256.0,35597.4270538,AMD EPYC 9R14,AMD EPYC 9R14,AuthenticAMD
c7a.48xlarge,ap-northeast-1,apne1-az1,3,1.0,5.0,2.5,12.4032,3.8793,68,c7a,Computing,c,192.0,384.0,35590.310902000005,AMD EPYC 9R14,AMD EPYC 9R14,AuthenticAMD
c7a.48xlarge,ap-northeast-1,apne1-az2,3,1.0,5.0,2.5,12.4032,3.9308,68,c7a,Computing,c,192.0,384.0,35590.310902000005,AMD EPYC 9R14,AMD EPYC 9R14,AuthenticAMD
c7a.48xlarge,ap-northeast-1,apne1-az4,3,1.0,1.0,2.5,12.4032,3.6568,70,c7a,Computing,c,192.0,384.0,35590.310902000005,AMD EPYC 9R14,AMD EPYC 9R14,AuthenticAMD
c7a.4xlarge,ap-northeast-1,apne1-az1,3,15.0,20.0,2.5,1.0336,0.3767,63,c7a,Computing,c,16.0,32.0,35517.0023132,AMD EPYC 9R14,AMD EPYC 9R14,AuthenticAMD
c7a.4xlarge,ap-northeast-1,apne1-az2,3,20.0,30.0,2.5,1.0336,0.3551,65,c7a,Computing,c,16.0,32.0,35517.0023132,AMD EPYC 9R14,AMD EPYC 9R14,AuthenticAMD
c7a.4xlarge,ap-northeast-1,apne1-az4,3,1.0,5.0,2.5,1.0336,0.5016,51,c7a,Computing,c,16.0,32.0,35517.0023132,AMD EPYC 9R14,AMD EPYC 9R14,AuthenticAMD
c7a.8xlarge,ap-northeast-1,apne1-az1,3,5.0,5.0,2.5,2.0672,0.8959,56,c7a,Computing,c,32.0,64.0,30405.7913712,AMD EPYC 9R14,AMD EPYC 9R14,AuthenticAMD
c7a.8xlarge,ap-northeast-1,apne1-az2,3,10.0,15.0,2.5,2.0672,0.8298,59,c7a,Computing,c,32.0,64.0,30405.7913712,AMD EPYC 9R14,AMD EPYC 9R14,AuthenticAMD
c7a.8xlarge,ap-northeast-1,apne1-az4,3,1.0,5.0,2.5,2.0672,0.932,54,c7a,Computing,c,32.0,64.0,30405.7913712,AMD EPYC 9R14,AMD EPYC 9R14,AuthenticAMD
c7a.large,ap-northeast-1,apne1-az1,3,45.0,50.0,3.0,0.1292,0.0507,60,c7a,Computing,c,2.0,4.0,35674.582822599994,AMD EPYC 9R14,AMD EPYC 9R14,AuthenticAMD
c7a.large,ap-northeast-1,apne1-az2,3,40.0,50.0,3.0,0.1292,0.0511,60,c7a,Computing,c,2.0,4.0,35674.582822599994,AMD EPYC 9R14,AMD EPYC 9R14,AuthenticAMD
c7a.large,ap-northeast-1,apne1-az4,3,30.0,45.0,3.0,0.1292,0.0571,55,c7a,Computing,c,2.0,4.0,35674.582822599994,AMD EPYC 9R14,AMD EPYC 9R14,AuthenticAMD
c7a.medium,ap-northeast-1,apne1-az1,3,50.0,50.0,3.0,0.0646,0.0222,65,c7a,Computing,c,1.0,2.0,35533.93280540001,AMD EPYC 9R14,AMD EPYC 9R14,AuthenticAMD
c7a.medium,ap-northeast-1,apne1-az2,3,50.0,50.0,3.0,0.0646,0.0249,61,c7a,Computing,c,1.0,2.0,35533.93280540001,AMD EPYC 9R14,AMD EPYC 9R14,AuthenticAMD
c7a.medium,ap-northeast-1,apne1-az4,3,45.0,50.0,3.0,0.0646,0.0253,60,c7a,Computing,c,1.0,2.0,35533.93280540001,AMD EPYC 9R14,AMD EPYC 9R14,AuthenticAMD
c7a.xlarge,ap-northeast-1,apne1-az1,3,50.0,50.0,3.0,0.2584,0.0895,65,c7a,Computing,c,4.0,8.0,35579.415888400006,AMD EPYC 9R14,AMD EPYC 9R14,AuthenticAMD
c7a.xlarge,ap-northeast-1,apne1-az2,3,20.0,40.0,3.0,0.2584,0.0859,66,c7a,Computing,c,4.0,8.0,35579.415888400006,AMD EPYC 9R14,AMD EPYC 9R14,AuthenticAMD
c7a.xlarge,ap-northeast-1,apne1-az4,3,25.0,35.0,3.0,0.2584,0.0991,61,c7a,Computing,c,4.0,8.0,35579.415888400006,AMD EPYC 9R14,AMD EPYC 9R14,AuthenticAMD
c7g.12xlarge,ap-northeast-1,apne1-az1,3,5.0,5.0,2.5,2.183,0.6702,69,c7g,Computing,c,48.0,96.0,24080.2585992,AWS Graviton3 Processor,AWS Graviton3 Processor,AWS
c7g.12xlarge,ap-northeast-1,apne1-az2,3,15.0,25.0,2.5,2.183,0.7443,65,c7g,Computing,c,48.0,96.0,24080.2585992,AWS Graviton3 Processor,AWS Graviton3 Processor,AWS
c7g.12xlarge,ap-northeast-1,apne1-az4,3,5.0,10.0,2.5,2.183,1.1087,49,c7g,Computing,c,48.0,96.0,24080.2585992,AWS Graviton3 Processor,AWS Graviton3 Processor,AWS
c7g.16xlarge,ap-northeast-1,apne1-az1,3,50.0,50.0,3.0,2.9107,0.9111,68,c7g,Computing,c,64.0,128.0,24072.140036799996,AWS Graviton3 Processor,AWS Graviton3 Processor,AWS
c7g.16xlarge,ap-northeast-1,apne1-az2,3,50.0,50.0,3.0,2.9107,0.9475,67,c7g,Computing,c,64.0,128.0,24072.140036799996,AWS Graviton3 Processor,AWS Graviton3 Processor,AWS
c7g.16xlarge,ap-northeast-1,apne1-az4,3,50.0,50.0,3.0,2.9107,0.9177,68,c7g,Computing,c,64.0,128.0,24072.140036799996,AWS Graviton3 Processor,AWS Graviton3 Processor,AWS
c7g.2xlarge,ap-northeast-1,apne1-az1,3,20.0,25.0,2.5,0.3638,0.1158,68,c7g,Computing,c,8.0,16.0,24082.576406,AWS Graviton3 Processor,AWS Graviton3 Processor,AWS
c7g.2xlarge,ap-northeast-1,apne1-az2,3,15.0,25.0,2.5,0.3638,0.1212,66,c7g,Computing,c,8.0,16.0,24082.576406,AWS Graviton3 Processor,AWS Graviton3 Processor,AWS
c7g.2xlarge,ap-northeast-1,apne1-az4,3,20.0,35.0,2.5,0.3638,0.1377,62,c7g,Computing,c,8.0,16.0,24082.576406,AWS Graviton3 Processor,AWS Graviton3 Processor,AWS
c7g.4xlarge,ap-northeast-1,apne1-az1,3,1.0,5.0,2.5,0.7277,0.24,67,c7g,Computing,c,16.0,32.0,24085.944039600006,AWS Graviton3 Processor,AWS Graviton3 Processor,AWS
c7g.4xlarge,ap-northeast-1,apne1-az2,3,10.0,15.0,2.5,0.7277,0.3278,54,c7g,Computing,c,16.0,32.0,24085.944039600006,AWS Graviton3 Processor,AWS Graviton3 Processor,AWS
c7g.4xlarge,ap-northeast-1,apne1-az4,3,20.0,30.0,2.5,0.7277,0.2836,61,c7g,Computing,c,16.0,32.0,24085.944039600006,AWS Graviton3 Processor,AWS Graviton3 Processor,AWS
c7g.8xlarge,ap-northeast-1,apne1-az1,3,15.0,25.0,3.0,1.4554,0.5019,65,c7g,Computing,c,32.0,64.0,24079.4466572,AWS Graviton3 Processor,AWS Graviton3 Processor,AWS
c7g.8xlarge,ap-northeast-1,apne1-az2,3,25.0,40.0,3.0,1.4554,0.4305,70,c7g,Computing,c,32.0,64.0,24079.4466572,AWS Graviton3 Processor,AWS Graviton3 Processor,AWS
c7g.8xlarge,ap-northeast-1,apne1-az4,3,25.0,35.0,3.0,1.4554,0.4736,67,c7g,Computing,c,32.0,64.0,24079.4466572,AWS Graviton3 Processor,AWS Graviton3 Processor,AWS
c7g.large,ap-northeast-1,apne1-az1,3,30.0,45.0,3.0,0.091,0.0348,61,c7g,Computing,c,2.0,4.0,24092.0907476,AWS Graviton3 Processor,AWS Graviton3 Processor,AWS
c7g.large,ap-northeast-1,apne1-az2,3,50.0,50.0,3.0,0.091,0.0369,59,c7g,Computing,c,2.0,4.0,24092.0907476,AWS Graviton3 Processor,AWS Graviton3 Processor,AWS
c7g.large,ap-northeast-1,apne1-az4,3,35.0,50.0,3.0,0.091,0.0338,62,c7g,Computing,c,2.0,4.0,24092.0907476,AWS Graviton3 Processor,AWS Graviton3 Processor,AWS
c7g.medium,ap-northeast-1,apne1-az1,3,15.0,25.0,3.0,0.0455,0.0137,69,c7g,Computing,c,1.0,2.0,24081.4152806,AWS Graviton3 Processor,AWS Graviton3 Processor,AWS
c7g.medium,ap-northeast-1,apne1-az2,3,30.0,45.0,3.0,0.0455,0.015,67,c7g,Computing,c,1.0,2.0,24081.4152806,AWS Graviton3 Processor,AWS Graviton3 Processor,AWS
c7g.medium,ap-northeast-1,apne1-az4,3,30.0,50.0,3.0,0.0455,0.0171,62,c7g,Computing,c,1.0,2.0,24081.4152806,AWS Graviton3 Processor,AWS Graviton3 Processor,AWS
c7g.xlarge,ap-northeast-1,apne1-az1,3,10.0,20.0,2.5,0.1819,0.0695,61,c7g,Computing,c,4.0,8.0,24086.2931156,AWS Graviton3 Processor,AWS Graviton3 Processor,AWS
c7g.xlarge,ap-northeast-1,apne1-az2,3,35.0,50.0,2.5,0.1819,0.0585,67,c7g,Computing,c,4.0,8.0,24086.2931156,AWS Graviton3 Processor,AWS Graviton3 Processor,AWS
c7g.xlarge,ap-northeast-1,apne1-az4,3,15.0,20.0,2.5,0.1819,0.0837,53,c7g,Computing,c,4.0,8.0,24086.2931156,AWS Graviton3 Processor,AWS Graviton3 Processor,AWS
c7gd.12xlarge,ap-northeast-1,apne1-az1,3,,,2.5,2.7672,0.8433,69,c7gd,Computing,c,48.0,96.0,24077.081,AWS Graviton3 Processor,AWS Graviton3 Processor,AWS
c7gd.12xlarge,ap-northeast-1,apne1-az2,3,,,2.5,2.7672,0.8167,70,c7gd,Computing,c,48.0,96.0,24077.081,AWS Graviton3 Processor,AWS Graviton3 Processor,AWS
c7gd.12xlarge,ap-northeast-1,apne1-az4,3,5.0,5.0,2.5,2.7672,1.0014,63,c7gd,Computing,c,48.0,96.0,24077.081,AWS Graviton3 Processor,AWS Graviton3 Processor,AWS
c7gd.16xlarge,ap-northeast-1,apne1-az1,3,,,3.0,3.6896,1.0362,71,c7gd,Computing,c,64.0,128.0,24071.4446,AWS Graviton3 Processor,AWS Graviton3 Processor,AWS
c7gd.16xlarge,ap-northeast-1,apne1-az2,3,,,3.0,3.6896,1.2417,66,c7gd,Computing,c,64.0,128.0,24071.4446,AWS Graviton3 Processor,AWS Graviton3 Processor,AWS
c7gd.16xlarge,ap-northeast-1,apne1-az4,3,5.0,10.0,3.0,3.6896,1.081,70,c7gd,Computing,c,64.0,128.0,24071.4446,AWS Graviton3 Processor,AWS Graviton3 Processor,AWS
c7gd.2xlarge,ap-northeast-1,apne1-az1,3,50.0,50.0,3.0,0.4612,0.1548,66,c7gd,Computing,c,8.0,16.0,24077.081,AWS Graviton3 Processor,AWS Graviton3 Processor,AWS
c7gd.2xlarge,ap-northeast-1,apne1-az2,3,50.0,50.0,3.0,0.4612,0.1541,66,c7gd,Computing,c,8.0,16.0,24077.081,AWS Graviton3 Processor,AWS Graviton3 Processor,AWS
c7gd.2xlarge,ap-northeast-1,apne1-az4,3,50.0,50.0,3.0,0.4612,0.1565,66,c7gd,Computing,c,8.0,16.0,24077.081,AWS Graviton3 Processor,AWS Graviton3 Processor,AWS
c7gd.4xlarge,ap-northeast-1,apne1-az1,3,,,2.5,0.9224,0.3147,65,c7gd,Computing,c,16.0,32.0,24077.081,AWS Graviton3 Processor,AWS Graviton3 Processor,AWS
c7gd.4xlarge,ap-northeast-1,apne1-az2,3,,,2.5,0.9224,0.328,64,c7gd,Computing,c,16.0,32.0,24077.081,AWS Graviton3 Processor,AWS Graviton3 Processor,AWS
c7gd.4xlarge,ap-northeast-1,apne1-az4,3,1.0,,2.5,0.9224,0.4164,54,c7gd,Computing,c,16.0,32.0,24077.081,AWS Graviton3 Processor,AWS Graviton3 Processor,AWS
c7gd.8xlarge,ap-northeast-1,apne1-az1,3,,,3.0,1.8448,0.5481,70,c7gd,Computing,c,32.0,64.0,24079.6751,AWS Graviton3 Processor,AWS Graviton3 Processor,AWS
c7gd.8xlarge,ap-northeast-1,apne1-az2,3,5.0,,3.0,1.8448,0.5539,69,c7gd,Computing,c,32.0,64.0,24079.6751,AWS Graviton3 Processor,AWS Graviton3 Processor,AWS
c7gd.8xlarge,ap-northeast-1,apne1-az4,3,1.0,5.0,3.0,1.8448,0.5775,68,c7gd,Computing,c,32.0,64.0,24079.6751,AWS Graviton3 Processor,AWS Graviton3 Processor,AWS
c7gd.large,ap-northeast-1,apne1-az1,3,50.0,50.0,3.0,0.1153,0.0337,70,c7gd,Computing,c,2.0,4.0,24077.081,AWS Graviton3 Processor,AWS Graviton3 Processor,AWS
c7gd.large,ap-northeast-1,apne1-az2,3,50.0,50.0,3.0,0.1153,0.0362,68,c7gd,Computing,c,2.0,4.0,24077.081,AWS Graviton3 Processor,AWS Graviton3 Processor,AWS
c7gd.large,ap-northeast-1,apne1-az4,3,30.0,45.0,3.0,0.1153,0.0358,68,c7gd,Computing,c,2.0,4.0,24077.081,AWS Graviton3 Processor,AWS Graviton3 Processor,AWS
c7gd.medium,ap-northeast-1,apne1-az1,3,50.0,50.0,3.0,0.0577,0.017,70,c7gd,Computing,c,1.0,2.0,24092.5563,AWS Graviton3 Processor,AWS Graviton3 Processor,AWS
c7gd.medium,ap-northeast-1,apne1-az2,3,50.0,50.0,3.0,0.0577,0.0188,67,c7gd,Computing,c,1.0,2.0,24092.5563,AWS Graviton3 Processor,AWS Graviton3 Processor,AWS
c7gd.medium,ap-northeast-1,apne1-az4,3,35.0,50.0,3.0,0.0577,0.0166,71,c7gd,Computing,c,1.0,2.0,24092.5563,AWS Graviton3 Processor,AWS Graviton3 Processor,AWS
c7gd.xlarge,ap-northeast-1,apne1-az1,3,,,3.0,0.2306,0.0741,67,c7gd,Computing,c,4.0,8.0,24077.081,AWS Graviton3 Processor,AWS Graviton3 Processor,AWS
c7gd.xlarge,ap-northeast-1,apne1-az2,3,,,3.0,0.2306,0.069,70,c7gd,Computing,c,4.0,8.0,24077.081,AWS Graviton3 Processor,AWS Graviton3 Processor,AWS
c7gd.xlarge,ap-northeast-1,apne1-az4,3,10.0,15.0,3.0,0.2306,0.0836,63,c7gd,Computing,c,4.0,8.0,24077.081,AWS Graviton3 Processor,AWS Graviton3 Processor,AWS
c7gn.12xlarge,ap-northeast-1,apne1-az1,3,1.0,5.0,2.5,3.7776,1.1568,69,c7gn,Computing,c,48.0,96.0,24076.4292834,AWS Graviton3 Processor,AWS Graviton3 Processor,AWS
c7gn.12xlarge,ap-northeast-1,apne1-az2,3,10.0,15.0,2.5,3.7776,1.277,66,c7gn,Computing,c,48.0,96.0,24076.4292834,AWS Graviton3 Processor,AWS Graviton3 Processor,AWS
c7gn.12xlarge,ap-northeast-1,apne1-az4,1,0.0,0.0,2.5,3.7776,1.1113,70,c7gn,Computing,c,48.0,96.0,24076.4292834,AWS Graviton3 Processor,AWS Graviton3 Processor,AWS
c7gn.16xlarge,ap-northeast-1,apne1-az1,3,30.0,45.0,3.0,5.0368,1.5229,69,c7gn,Computing,c,64.0,128.0,24072.9521798,AWS Graviton3 Processor,AWS Graviton3 Processor,AWS
c7gn.16xlarge,ap-northeast-1,apne1-az2,3,50.0,50.0,3.0,5.0368,1.5412,69,c7gn,Computing,c,64.0,128.0,24072.9521798,AWS Graviton3 Processor,AWS Graviton3 Processor,AWS
c7gn.16xlarge,ap-northeast-1,apne1-az4,1,0.0,0.0,3.0,5.0368,1.5565,69,c7gn,Computing,c,64.0,128.0,24072.9521798,AWS Graviton3 Processor,AWS Graviton3 Processor,AWS
c7gn.2xlarge,ap-northeast-1,apne1-az1,3,10.0,15.0,3.0,0.6296,0.1888,70,c7gn,Computing,c,8.0,16.0,24090.2329426,AWS Graviton3 Processor,AWS Graviton3 Processor,AWS
c7gn.2xlarge,ap-northeast-1,apne1-az2,3,10.0,15.0,3.0,0.6296,0.2003,68,c7gn,Computing,c,8.0,16.0,24090.2329426,AWS Graviton3 Processor,AWS Graviton3 Processor,AWS
c7gn.2xlarge,ap-northeast-1,apne1-az4,1,0.0,0.0,3.0,0.6296,0.2038,67,c7gn,Computing,c,8.0,16.0,24090.2329426,AWS Graviton3 Processor,AWS Graviton3 Processor,AWS
c7gn.4xlarge,ap-northeast-1,apne1-az1,3,1.0,5.0,2.0,1.2592,0.3936,68,c7gn,Computing,c,16.0,32.0,24079.212249,AWS Graviton3 Processor,AWS Graviton3 Processor,AWS
c7gn.4xlarge,ap-northeast-1,apne1-az2,3,1.0,5.0,2.0,1.2592,0.3682,70,c7gn,Computing,c,16.0,32.0,24079.212249,AWS Graviton3 Processor,AWS Graviton3 Processor,AWS
c7gn.4xlarge,ap-northeast-1,apne1-az4,3,1.0,1.0,2.0,1.2592,0.4601,63,c7gn,Computing,c,16.0,32.0,24079.212249,AWS Graviton3 Processor,AWS Graviton3 Processor,AWS
c7gn.8xlarge,ap-northeast-1,apne1-az1,3,1.0,1.0,2.0,2.5184,0.7954,68,c7gn,Computing,c,32.0,64.0,24081.5307288,AWS Graviton3 Processor,AWS Graviton3 Processor,AWS
c7gn.8xlarge,ap-northeast-1,apne1-az2,3,10.0,15.0,2.0,2.5184,0.7725,69,c7gn,Computing,c,32.0,64.0,24081.5307288,AWS Graviton3 Processor,AWS Graviton3 Processor,AWS
c7gn.8xlarge,ap-northeast-1,apne1-az4,1,0.0,0.0,2.0,2.5184,0.7539,70,c7gn,Computing,c,32.0,64.0,24081.5307288,AWS Graviton3 Processor,AWS Graviton3 Processor,AWS
c7gn.large,ap-northeast-1,apne1-az1,3,50.0,50.0,1.0,0.1574,0.05,68,c7gn,Computing,c,2.0,4.0,24061.1460458,AWS Graviton3 Processor,AWS Graviton3 Processor,AWS
c7gn.large,ap-northeast-1,apne1-az2,3,50.0,50.0,1.0,0.1574,0.0502,68,c7gn,Computing,c,2.0,4.0,24061.1460458,AWS Graviton3 Processor,AWS Graviton3 Processor,AWS
c7gn.large,ap-northeast-1,apne1-az4,1,0.0,0.0,1.0,0.1574,0.0543,65,c7gn,Computing,c,2.0,4.0,24061.1460458,AWS Graviton3 Processor,AWS Graviton3 Processor,AWS
c7gn.medium,ap-northeast-1,apne1-az1,3,50.0,50.0,2.5,0.0787,0.0234,70,c7gn,Computing,c,1.0,2.0,24090.3519922,AWS Graviton3 Processor,AWS Graviton3 Processor,AWS
c7gn.medium,ap-northeast-1,apne1-az2,3,50.0,50.0,2.5,0.0787,0.025,68,c7gn,Computing,c,1.0,2.0,24090.3519922,AWS Graviton3 Processor,AWS Graviton3 Processor,AWS
c7gn.medium,ap-northeast-1,apne1-az4,1,0.0,0.0,2.5,0.0787,0.0239,69,c7gn,Computing,c,1.0,2.0,24090.3519922,AWS Graviton3 Processor,AWS Graviton3 Processor,AWS
c7gn.xlarge,ap-northeast-1,apne1-az1,3,20.0,35.0,2.5,0.3148,0.0923,70,c7gn,Computing,c,4.0,8.0,24086.8702568,AWS Graviton3 Processor,AWS Graviton3 Processor,AWS
c7gn.xlarge,ap-northeast-1,apne1-az2,3,30.0,45.0,2.5,0.3148,0.0963,69,c7gn,Computing,c,4.0,8.0,24086.8702568,AWS Graviton3 Processor,AWS Graviton3 Processor,AWS
c7gn.xlarge,ap-northeast-1,apne1-az4,1,0.0,0.0,2.5,0.3148,0.1036,67,c7gn,Computing,c,4.0,8.0,24086.8702568,AWS Graviton3 Processor,AWS Graviton3 Processor,AWS
c7i-flex.2xlarge,ap-northeast-1,apne1-az1,3,25.0,40.0,3.0,0.42693,0.1541,63,c7i-flex,Computing,c,8.0,16.0,34210.7263,Intel(R) Xeon(R) Platinum 8488C,Intel(R) Xeon(R) Platinum 8488C,Intel
c7i-flex.2xlarge,ap-northeast-1,apne1-az2,3,50.0,50.0,3.0,0.42693,0.1921,55,c7i-flex,Computing,c,8.0,16.0,34210.7263,Intel(R) Xeon(R) Platinum 8488C,Intel(R) Xeon(R) Platinum 8488C,Intel
c7i-flex.2xlarge,ap-northeast-1,apne1-az4,3,1.0,1.0,3.0,0.42693,0.162,62,c7i-flex,Computing,c,8.0,16.0,34210.7263,Intel(R) Xeon(R) Platinum 8488C,Intel(R) Xeon(R) Platinum 8488C,Intel
c7i-flex.4xlarge,ap-northeast-1,apne1-az1,3,1.0,1.0,1.0,0.85386,0.2766,67,c7i-flex,Computing,c,16.0,32.0,34210.7263,Intel(R) Xeon(R) Platinum 8488C,Intel(R) Xeon(R) Platinum 8488C,Intel
c7i-flex.4xlarge,ap-northeast-1,apne1-az2,3,5.0,5.0,1.0,0.85386,0.3096,63,c7i-flex,Computing,c,16.0,32.0,34210.7263,Intel(R) Xeon(R) Platinum 8488C,Intel(R) Xeon(R) Platinum 8488C,Intel
c7i-flex.4xlarge,ap-northeast-1,apne1-az4,1,0.0,0.0,1.0,0.85386,0.2812,67,c7i-flex,Computing,c,16.0,32.0,34210.7263,Intel(R) Xeon(R) Platinum 8488C,Intel(R) Xeon(R) Platinum 8488C,Intel
c7i-flex.8xlarge,ap-northeast-1,apne1-az1,3,1.0,1.0,2.0,1.70772,0.5392,68,c7i-flex,Computing,c,32.0,64.0,34210.7263,Intel(R) Xeon(R) Platinum 8488C,Intel(R) Xeon(R) Platinum 8488C,Intel
c7i-flex.8xlarge,ap-northeast-1,apne1-az2,3,1.0,1.0,2.0,1.70772,0.5129,69,c7i-flex,Computing,c,32.0,64.0,34210.7263,Intel(R) Xeon(R) Platinum 8488C,Intel(R) Xeon(R) Platinum 8488C,Intel
c7i-flex.8xlarge,ap-northeast-1,apne1-az4,1,0.0,0.0,2.0,1.70772,0.5721,66,c7i-flex,Computing,c,32.0,64.0,34210.7263,Intel(R) Xeon(R) Platinum 8488C,Intel(R) Xeon(R) Platinum 8488C,Intel
c7i-flex.large,ap-northeast-1,apne1-az1,3,15.0,25.0,2.5,0.10673,0.0353,66,c7i-flex,Computing,c,2.0,4.0,34210.7263,Intel(R) Xeon(R) Platinum 8488C,Intel(R) Xeon(R) Platinum 8488C,Intel
c7i-flex.large,ap-northeast-1,apne1-az2,3,35.0,50.0,2.5,0.10673,0.0374,64,c7i-flex,Computing,c,2.0,4.0,34210.7263,Intel(R) Xeon(R) Platinum 8488C,Intel(R) Xeon(R) Platinum 8488C,Intel
c7i-flex.large,ap-northeast-1,apne1-az4,3,1.0,1.0,2.5,0.10673,0.0384,64,c7i-flex,Computing,c,2.0,4.0,34210.7263,Intel(R) Xeon(R) Platinum 8488C,Intel(R) Xeon(R) Platinum 8488C,Intel
c7i-flex.xlarge,ap-northeast-1,apne1-az1,3,10.0,15.0,3.0,0.21347,0.073,65,c7i-flex,Computing,c,4.0,8.0,34210.7263,Intel(R) Xeon(R) Platinum 8488C,Intel(R) Xeon(R) Platinum 8488C,Intel
c7i-flex.xlarge,ap-northeast-1,apne1-az2,3,15.0,25.0,3.0,0.21347,0.1034,51,c7i-flex,Computing,c,4.0,8.0,34210.7263,Intel(R) Xeon(R) Platinum 8488C,Intel(R) Xeon(R) Platinum 8488C,Intel
c7i-flex.xlarge,ap-northeast-1,apne1-az4,3,1.0,1.0,3.0,0.21347,0.0707,66,c7i-flex,Computing,c,4.0,8.0,34210.7263,Intel(R) Xeon(R) Platinum 8488C,Intel(R) Xeon(R) Platinum 8488C,Intel
c7i.12xlarge,ap-northeast-1,apne1-az1,3,1.0,5.0,2.0,2.6964,1.0807,59,c7i,Computing,c,48.0,96.0,34778.3111392,Intel(R) Xeon(R) Platinum 8488C,Intel(R) Xeon(R) Platinum 8488C,Intel
c7i.12xlarge,ap-northeast-1,apne1-az2,3,10.0,15.0,2.0,2.6964,0.8279,69,c7i,Computing,c,48.0,96.0,34778.3111392,Intel(R) Xeon(R) Platinum 8488C,Intel(R) Xeon(R) Platinum 8488C,Intel
c7i.12xlarge,ap-northeast-1,apne1-az4,1,0.0,0.0,2.0,2.6964,0.9848,63,c7i,Computing,c,48.0,96.0,34778.3111392,Intel(R) Xeon(R) Platinum 8488C,Intel(R) Xeon(R) Platinum 8488C,Intel
c7i.16xlarge,ap-northeast-1,apne1-az1,1,0.0,0.0,2.0,3.5952,1.3337,62,c7i,Computing,c,64.0,128.0,34370.7301538,Intel(R) Xeon(R) Platinum 8488C,Intel(R) Xeon(R) Platinum 8488C,Intel
c7i.16xlarge,ap-northeast-1,apne1-az2,1,0.0,0.0,2.0,3.5952,1.1409,68,c7i,Computing,c,64.0,128.0,34370.7301538,Intel(R) Xeon(R) Platinum 8488C,Intel(R) Xeon(R) Platinum 8488C,Intel
c7i.16xlarge,ap-northeast-1,apne1-az4,1,0.0,0.0,2.0,3.5952,1.5305,57,c7i,Computing,c,64.0,128.0,34370.7301538,Intel(R) Xeon(R) Platinum 8488C,Intel(R) Xeon(R) Platinum 8488C,Intel
c7i.24xlarge,ap-northeast-1,apne1-az1,3,5.0,5.0,2.5,5.3928,1.6951,68,c7i,Computing,c,96.0,192.0,34352.6937346,Intel(R) Xeon(R) Platinum 8488C,Intel(R) Xeon(R) Platinum 8488C,Intel
c7i.24xlarge,ap-northeast-1,apne1-az2,1,0.0,0.0,2.5,5.3928,1.496,72,c7i,Computing,c,96.0,192.0,34352.6937346,Intel(R) Xeon(R) Platinum 8488C,Intel(R) Xeon(R) Platinum 8488C,Intel
c7i.24xlarge,ap-northeast-1,apne1-az4,1,0.0,0.0,2.5,5.3928,1.7469,67,c7i,Computing,c,96.0,192.0,34352.6937346,Intel(R) Xeon(R) Platinum 8488C,Intel(R) Xeon(R) Platinum 8488C,Intel
c7i.2xlarge,ap-northeast-1,apne1-az1,3,5.0,10.0,1.0,0.4494,0.1671,62,c7i,Computing,c,8.0,16.0,34927.205125199995,Intel(R) Xeon(R) Platinum 8488C,Intel(R) Xeon(R) Platinum 8488C,Intel
c7i.2xlarge,ap-northeast-1,apne1-az2,3,1.0,1.0,1.0,0.4494,0.1837,59,c7i,Computing,c,8.0,16.0,34927.205125199995,Intel(R) Xeon(R) Platinum 8488C,Intel(R) Xeon(R) Platinum 8488C,Intel
c7i.2xlarge,ap-northeast-1,apne1-az4,3,1.0,1.0,1.0,0.4494,0.1552,65,c7i,Computing,c,8.0,16.0,34927.205125199995,Intel(R) Xeon(R) Platinum 8488C,Intel(R) Xeon(R) Platinum 8488C,Intel
c7i.48xlarge,ap-northeast-1,apne1-az1,1,0.0,0.0,2.5,10.7856,3.1637,70,c7i,Computing,c,192.0,384.0,34368.0759288,Intel(R) Xeon(R) Platinum 8488C,Intel(R) Xeon(R) Platinum 8488C,Intel
c7i.48xlarge,ap-northeast-1,apne1-az2,1,0.0,0.0,2.5,10.7856,3.2634,69,c7i,Computing,c,192.0,384.0,34368.0759288,Intel(R) Xeon(R) Platinum 8488C,Intel(R) Xeon(R) Platinum 8488C,Intel
c7i.48xlarge,ap-northeast-1,apne1-az4,1,0.0,0.0,2.5,10.7856,4.0844,62,c7i,Computing,c,192.0,384.0,34368.0759288,Intel(R) Xeon(R) Platinum 8488C,Intel(R) Xeon(R) Platinum 8488C,Intel
c7i.4xlarge,ap-northeast-1,apne1-az1,3,1.0,5.0,1.0,0.8988,0.3858,57,c7i,Computing,c,16.0,32.0,34333.2174978,Intel(R) Xeon(R) Platinum 8488C,Intel(R) Xeon(R) Platinum 8488C,Intel
c7i.4xlarge,ap-northeast-1,apne1-az2,3,1.0,1.0,1.0,0.8988,0.2925,67,c7i,Computing,c,16.0,32.0,34333.2174978,Intel(R) Xeon(R) Platinum 8488C,Intel(R) Xeon(R) Platinum 8488C,Intel
c7i.4xlarge,ap-northeast-1,apne1-az4,3,1.0,1.0,1.0,0.8988,0.3539,60,c7i,Computing,c,16.0,32.0,34333.2174978,Intel(R) Xeon(R) Platinum 8488C,Intel(R) Xeon(R) Platinum 8488C,Intel
c7i.8xlarge,ap-northeast-1,apne1-az1,1,0.0,0.0,2.0,1.7976,0.7066,60,c7i,Computing,c,32.0,64.0,34415.6075862,Intel(R) Xeon(R) Platinum 8488C,Intel(R) Xeon(R) Platinum 8488C,Intel
c7i.8xlarge,ap-northeast-1,apne1-az2,2,0.0,1.0,2.0,1.7976,0.5738,68,c7i,Computing,c,32.0,64.0,34415.6075862,Intel(R) Xeon(R) Platinum 8488C,Intel(R) Xeon(R) Platinum 8488C,Intel
c7i.8xlarge,ap-northeast-1,apne1-az4,1,0.0,0.0,2.0,1.7976,0.6459,64,c7i,Computing,c,32.0,64.0,34415.6075862,Intel(R) Xeon(R) Platinum 8488C,Intel(R) Xeon(R) Platinum 8488C,Intel
c7i.large,ap-northeast-1,apne1-az1,3,45.0,50.0,1.5,0.11235,0.0354,68,c7i,Computing,c,2.0,4.0,33276.402084199995,Intel(R) Xeon(R) Platinum 8488C,Intel(R) Xeon(R) Platinum 8488C,Intel
c7i.large,ap-northeast-1,apne1-az2,3,25.0,35.0,1.5,0.11235,0.0328,70,c7i,Computing,c,2.0,4.0,33276.402084199995,Intel(R) Xeon(R) Platinum 8488C,Intel(R) Xeon(R) Platinum 8488C,Intel
c7i.large,ap-northeast-1,apne1-az4,3,5.0,15.0,1.5,0.11235,0.0344,69,c7i,Computing,c,2.0,4.0,33276.402084199995,Intel(R) Xeon(R) Platinum 8488C,Intel(R) Xeon(R) Platinum 8488C,Intel
c7i.xlarge,ap-northeast-1,apne1-az1,3,25.0,40.0,1.0,0.2247,0.0696,69,c7i,Computing,c,4.0,8.0,31918.1276076,Intel(R) Xeon(R) Platinum 8488C,Intel(R) Xeon(R) Platinum 8488C,Intel
c7i.xlarge,ap-northeast-1,apne1-az2,3,15.0,20.0,1.0,0.2247,0.0754,66,c7i,Computing,c,4.0,8.0,31918.1276076,Intel(R) Xeon(R) Platinum 8488C,Intel(R) Xeon(R) Platinum 8488C,Intel
c7i.xlarge,ap-northeast-1,apne1-az4,3,1.0,5.0,1.0,0.2247,0.0697,68,c7i,Computing,c,4.0,8.0,31918.1276076,Intel(R) Xeon(R) Platinum 8488C,Intel(R) Xeon(R) Platinum 8488C,Intel
c8g.12xlarge,ap-northeast-1,apne1-az1,3,1.0,1.0,1.0,2.40144,0.7602,68,c8g,Computing,c,48.0,96.0,28985.339696599996,AWS Graviton4 Processor,AWS Graviton4 Processor,AWS
c8g.12xlarge,ap-northeast-1,apne1-az2,3,1.0,1.0,1.0,2.40144,0.758,68,c8g,Computing,c,48.0,96.0,28985.339696599996,AWS Graviton4 Processor,AWS Graviton4 Processor,AWS
c8g.12xlarge,ap-northeast-1,apne1-az4,2,0.0,1.0,1.0,2.40144,1.1854,50,c8g,Computing,c,48.0,96.0,28985.339696599996,AWS Graviton4 Processor,AWS Graviton4 Processor,AWS
c8g.16xlarge,ap-northeast-1,apne1-az1,3,1.0,5.0,2.5,3.20192,0.9983,68,c8g,Computing,c,64.0,128.0,28986.517522600003,AWS Graviton4 Processor,AWS Graviton4 Processor,AWS
c8g.16xlarge,ap-northeast-1,apne1-az2,3,1.0,5.0,2.5,3.20192,0.9717,69,c8g,Computing,c,64.0,128.0,28986.517522600003,AWS Graviton4 Processor,AWS Graviton4 Processor,AWS
c8g.16xlarge,ap-northeast-1,apne1-az4,3,1.0,1.0,2.5,3.20192,0.9136,71,c8g,Computing,c,64.0,128.0,28986.517522600003,AWS Graviton4 Processor,AWS Graviton4 Processor,AWS
c8g.24xlarge,ap-northeast-1,apne1-az1,3,1.0,1.0,2.0,4.80288,1.5521,67,c8g,Computing,c,96.0,192.0,28984.16483,AWS Graviton4 Processor,AWS Graviton4 Processor,AWS
c8g.24xlarge,ap-northeast-1,apne1-az2,3,1.0,5.0,2.0,4.80288,1.4818,69,c8g,Computing,c,96.0,192.0,28984.16483,AWS Graviton4 Processor,AWS Graviton4 Processor,AWS
c8g.24xlarge,ap-northeast-1,apne1-az4,1,0.0,0.0,2.0,4.80288,1.485,69,c8g,Computing,c,96.0,192.0,28984.16483,AWS Graviton4 Processor,AWS Graviton4 Processor,AWS
c8g.2xlarge,ap-northeast-1,apne1-az1,3,1.0,1.0,2.0,0.40024,0.1308,67,c8g,Computing,c,8.0,16.0,28984.836842800003,AWS Graviton4 Processor,AWS Graviton4 Processor,AWS
c8g.2xlarge,ap-northeast-1,apne1-az2,3,5.0,10.0,2.0,0.40024,0.1276,68,c8g,Computing,c,8.0,16.0,28984.836842800003,AWS Graviton4 Processor,AWS Graviton4 Processor,AWS
c8g.2xlarge,ap-northeast-1,apne1-az4,3,1.0,1.0,2.0,0.40024,0.1413,64,c8g,Computing,c,8.0,16.0,28984.836842800003,AWS Graviton4 Processor,AWS Graviton4 Processor,AWS
c8g.48xlarge,ap-northeast-1,apne1-az1,3,1.0,1.0,2.0,9.60576,3.3042,65,c8g,Computing,c,192.0,384.0,27923.915052000004,AWS Graviton4 Processor,AWS Graviton4 Processor,AWS
c8g.48xlarge,ap-northeast-1,apne1-az2,3,1.0,1.0,2.0,9.60576,2.6828,72,c8g,Computing,c,192.0,384.0,27923.915052000004,AWS Graviton4 Processor,AWS Graviton4 Processor,AWS
c8g.48xlarge,ap-northeast-1,apne1-az4,1,0.0,0.0,2.0,9.60576,3.5853,62,c8g,Computing,c,192.0,384.0,27923.915052000004,AWS Graviton4 Processor,AWS Graviton4 Processor,AWS
c8g.4xlarge,ap-northeast-1,apne1-az1,3,1.0,1.0,2.0,0.80048,0.2606,67,c8g,Computing,c,16.0,32.0,28936.17795,AWS Graviton4 Processor,AWS Graviton4 Processor,AWS
c8g.4xlarge,ap-northeast-1,apne1-az2,3,1.0,1.0,2.0,0.80048,0.2426,69,c8g,Computing,c,16.0,32.0,28936.17795,AWS Graviton4 Processor,AWS Graviton4 Processor,AWS
c8g.4xlarge,ap-northeast-1,apne1-az4,3,1.0,1.0,2.0,0.80048,0.2399,70,c8g,Computing,c,16.0,32.0,28936.17795,AWS Graviton4 Processor,AWS Graviton4 Processor,AWS
c8g.8xlarge,ap-northeast-1,apne1-az1,3,1.0,1.0,2.0,1.60096,0.5541,65,c8g,Computing,c,32.0,64.0,28981.140538999996,AWS Graviton4 Processor,AWS Graviton4 Processor,AWS
c8g.8xlarge,ap-northeast-1,apne1-az2,3,1.0,1.0,2.0,1.60096,0.5733,64,c8g,Computing,c,32.0,64.0,28981.140538999996,AWS Graviton4 Processor,AWS Graviton4 Processor,AWS
c8g.8xlarge,ap-northeast-1,apne1-az4,1,0.0,0.0,2.0,1.60096,0.5055,68,c8g,Computing,c,32.0,64.0,28981.140538999996,AWS Graviton4 Processor,AWS Graviton4 Processor,AWS
c8g.large,ap-northeast-1,apne1-az1,3,10.0,15.0,2.5,0.10006,0.0377,62,c8g,Computing,c,2.0,4.0,28990.0467,AWS Graviton4 Processor,AWS Graviton4 Processor,AWS
c8g.large,ap-northeast-1,apne1-az2,3,35.0,50.0,2.5,0.10006,0.0365,63,c8g,Computing,c,2.0,4.0,28990.0467,AWS Graviton4 Processor,AWS Graviton4 Processor,AWS
c8g.large,ap-northeast-1,apne1-az4,3,1.0,5.0,2.5,0.10006,0.0288,71,c8g,Computing,c,2.0,4.0,28990.0467,AWS Graviton4 Processor,AWS Graviton4 Processor,AWS
c8g.medium,ap-northeast-1,apne1-az1,3,40.0,50.0,2.5,0.05003,0.0143,71,c8g,Computing,c,1.0,2.0,28986.350975800004,AWS Graviton4 Processor,AWS Graviton4 Processor,AWS
c8g.medium,ap-northeast-1,apne1-az2,3,50.0,50.0,2.5,0.05003,0.0154,69,c8g,Computing,c,1.0,2.0,28986.350975800004,AWS Graviton4 Processor,AWS Graviton4 Processor,AWS
c8g.medium,ap-northeast-1,apne1-az4,3,10.0,20.0,2.5,0.05003,0.0146,70,c8g,Computing,c,1.0,2.0,28986.350975800004,AWS Graviton4 Processor,AWS Graviton4 Processor,AWS
c8g.metal-24xl,ap-northeast-1,apne1-az1,1,0.0,0.0,3.0,4.80288,1.4518,69,c8g,Computing,c,96.0,192.0,29043.091182599997,,,AWS
c8g.metal-24xl,ap-northeast-1,apne1-az2,3,1.0,1.0,3.0,4.80288,1.4028,70,c8g,Computing,c,96.0,192.0,29043.091182599997,,,AWS
c8g.metal-24xl,ap-northeast-1,apne1-az4,2,0.0,1.0,3.0,4.80288,1.4822,69,c8g,Computing,c,96.0,192.0,29043.091182599997,,,AWS
c8g.metal-48xl,ap-northeast-1,apne1-az1,1,0.0,0.0,3.0,9.60576,3.059,68,c8g,Computing,c,192.0,384.0,27998.658803600003,,,AWS
c8g.metal-48xl,ap-northeast-1,apne1-az2,2,0.0,1.0,3.0,9.60576,3.1066,67,c8g,Computing,c,192.0,384.0,27998.658803600003,,,AWS
c8g.metal-48xl,ap-northeast-1,apne1-az4,1,0.0,0.0,3.0,9.60576,2.8696,70,c8g,Computing,c,192.0,384.0,27998.658803600003,,,AWS
c8g.xlarge,ap-northeast-1,apne1-az1,3,5.0,10.0,1.5,0.20012,0.0683,65,c8g,Computing,c,4.0,8.0,28973.42907,AWS Graviton4 Processor,AWS Graviton4 Processor,AWS
c8g.xlarge,ap-northeast-1,apne1-az2,3,15.0,20.0,1.5,0.20012,0.0799,60,c8g,Computing,c,4.0,8.0,28973.42907,AWS Graviton4 Processor,AWS Graviton4 Processor,AWS
c8g.xlarge,ap-northeast-1,apne1-az4,3,1.0,5.0,1.5,0.20012,0.0732,63,c8g,Computing,c,4.0,8.0,28973.42907,AWS Graviton4 Processor,AWS Graviton4 Processor,AWS
d3.2xlarge,ap-northeast-1,apne1-az1,1,0.0,0.0,1.0,1.448,0.4049,72,d3,Storage,d,8.0,64.0,23883.6025,Intel(R) Xeon(R) Platinum 8259CL CPU @ 2.50GHz,Intel(R) Xeon(R) Platinum 8259CL CPU @ 2.50GHz,Intel
d3.2xlarge,ap-northeast-1,apne1-az2,1,0.0,0.0,1.0,1.448,0.4142,71,d3,Storage,d,8.0,64.0,23883.6025,Intel(R) Xeon(R) Platinum 8259CL CPU @ 2.50GHz,Intel(R) Xeon(R) Platinum 8259CL CPU @ 2.50GHz,Intel
d3.2xlarge,ap-northeast-1,apne1-az4,1,0.0,0.0,1.0,1.448,1.448,0,d3,Storage,d,8.0,64.0,23883.6025,Intel(R) Xeon(R) Platinum 8259CL CPU @ 2.50GHz,Intel(R) Xeon(R) Platinum 8259CL CPU @ 2.50GHz,Intel
d3.4xlarge,ap-northeast-1,apne1-az1,2,0.0,1.0,2.0,2.897,0.8587,70,d3,Storage,d,16.0,128.0,23883.6025,Intel(R) Xeon(R) Platinum 8259CL CPU @ 2.50GHz,Intel(R) Xeon(R) Platinum 8259CL CPU @ 2.50GHz,Intel
d3.4xlarge,ap-northeast-1,apne1-az2,1,0.0,0.0,2.0,2.897,0.911,68,d3,Storage,d,16.0,128.0,23883.6025,Intel(R) Xeon(R) Platinum 8259CL CPU @ 2.50GHz,Intel(R) Xeon(R) Platinum 8259CL CPU @ 2.50GHz,Intel
d3.4xlarge,ap-northeast-1,apne1-az4,1,0.0,0.0,2.0,2.897,2.5785,10,d3,Storage,d,16.0,128.0,23883.6025,Intel(R) Xeon(R) Platinum 8259CL CPU @ 2.50GHz,Intel(R) Xeon(R) Platinum 8259CL CPU @ 2.50GHz,Intel
d3.8xlarge,ap-northeast-1,apne1-az1,1,0.0,0.0,2.0,5.79344,1.7553,69,d3,Storage,d,32.0,256.0,23883.6025,Intel(R) Xeon(R) Platinum 8259CL CPU @ 2.50GHz,Intel(R) Xeon(R) Platinum 8259CL CPU @ 2.50GHz,Intel
d3.8xlarge,ap-northeast-1,apne1-az2,1,0.0,0.0,2.0,5.79344,1.8201,68,d3,Storage,d,32.0,256.0,23883.6025,Intel(R) Xeon(R) Platinum 8259CL CPU @ 2.50GHz,Intel(R) Xeon(R) Platinum 8259CL CPU @ 2.50GHz,Intel
d3.8xlarge,ap-northeast-1,apne1-az4,1,0.0,0.0,2.0,5.79344,5.7934,0,d3,Storage,d,32.0,256.0,23883.6025,Intel(R) Xeon(R) Platinum 8259CL CPU @ 2.50GHz,Intel(R) Xeon(R) Platinum 8259CL CPU @ 2.50GHz,Intel
d3.xlarge,ap-northeast-1,apne1-az1,3,1.0,1.0,2.5,0.724,0.2018,72,d3,Storage,d,4.0,32.0,23883.6025,Intel(R) Xeon(R) Platinum 8259CL CPU @ 2.50GHz,Intel(R) Xeon(R) Platinum 8259CL CPU @ 2.50GHz,Intel
d3.xlarge,ap-northeast-1,apne1-az2,3,5.0,10.0,2.5,0.724,0.2253,68,d3,Storage,d,4.0,32.0,23883.6025,Intel(R) Xeon(R) Platinum 8259CL CPU @ 2.50GHz,Intel(R) Xeon(R) Platinum 8259CL CPU @ 2.50GHz,Intel
d3.xlarge,ap-northeast-1,apne1-az4,1,0.0,0.0,2.5,0.724,0.5273,27,d3,Storage,d,4.0,32.0,23883.6025,Intel(R) Xeon(R) Platinum 8259CL CPU @ 2.50GHz,Intel(R) Xeon(R) Platinum 8259CL CPU @ 2.50GHz,Intel
d3en.12xlarge,ap-northeast-1,apne1-az1,1,0.0,0.0,3.0,9.1476,2.7954,69,d3en,Storage,d,48.0,192.0,23883.6025,Intel(R) Xeon(R) Platinum 8259CL CPU @ 2.50GHz,Intel(R) Xeon(R) Platinum 8259CL CPU @ 2.50GHz,Intel
d3en.12xlarge,ap-northeast-1,apne1-az4,1,0.0,0.0,3.0,9.1476,3.817,58,d3en,Storage,d,48.0,192.0,23883.6025,Intel(R) Xeon(R) Platinum 8259CL CPU @ 2.50GHz,Intel(R) Xeon(R) Platinum 8259CL CPU @ 2.50GHz,Intel
d3en.2xlarge,ap-northeast-1,apne1-az1,3,1.0,1.0,2.0,1.525,0.4347,71,d3en,Storage,d,8.0,32.0,23883.6025,Intel(R) Xeon(R) Platinum 8259CL CPU @ 2.50GHz,Intel(R) Xeon(R) Platinum 8259CL CPU @ 2.50GHz,Intel
d3en.2xlarge,ap-northeast-1,apne1-az4,3,1.0,1.0,2.0,1.525,0.4366,71,d3en,Storage,d,8.0,32.0,23883.6025,Intel(R) Xeon(R) Platinum 8259CL CPU @ 2.50GHz,Intel(R) Xeon(R) Platinum 8259CL CPU @ 2.50GHz,Intel
d3en.4xlarge,ap-northeast-1,apne1-az1,3,1.0,1.0,2.0,3.049,0.8495,72,d3en,Storage,d,16.0,64.0,23883.6025,Intel(R) Xeon(R) Platinum 8259CL CPU @ 2.50GHz,Intel(R) Xeon(R) Platinum 8259CL CPU @ 2.50GHz,Intel
d3en.4xlarge,ap-northeast-1,apne1-az4,3,1.0,1.0,2.0,3.049,0.9908,67,d3en,Storage,d,16.0,64.0,23883.6025,Intel(R) Xeon(R) Platinum 8259CL CPU @ 2.50GHz,Intel(R) Xeon(R) Platinum 8259CL CPU @ 2.50GHz,Intel
d3en.6xlarge,ap-northeast-1,apne1-az1,3,1.0,1.0,2.0,4.574,1.3952,69,d3en,Storage,d,24.0,96.0,23883.6025,Intel(R) Xeon(R) Platinum 8259CL CPU @ 2.50GHz,Intel(R) Xeon(R) Platinum 8259CL CPU @ 2.50GHz,Intel
d3en.6xlarge,ap-northeast-1,apne1-az4,3,1.0,1.0,2.0,4.574,1.4303,68,d3en,Storage,d,24.0,96.0,23883.6025,Intel(R) Xeon(R) Platinum 8259CL CPU @ 2.50GHz,Intel(R) Xeon(R) Platinum 8259CL CPU @ 2.50GHz,Intel
d3en.8xlarge,ap-northeast-1,apne1-az1,1,0.0,0.0,3.0,6.0984,2.2919,62,d3en,Storage,d,32.0,128.0,23883.6025,Intel(R) Xeon(R) Platinum 8259CL CPU @ 2.50GHz,Intel(R) Xeon(R) Platinum 8259CL CPU @ 2.50GHz,Intel
d3en.8xlarge,ap-northeast-1,apne1-az4,1,0.0,0.0,3.0,6.0984,2.976,51,d3en,Storage,d,32.0,128.0,23883.6025,Intel(R) Xeon(R) Platinum 8259CL CPU @ 2.50GHz,Intel(R) Xeon(R) Platinum 8259CL CPU @ 2.50GHz,Intel
d3en.xlarge,ap-northeast-1,apne1-az1,3,1.0,5.0,2.5,0.762,0.2342,69,d3en,Storage,d,4.0,16.0,23883.6025,Intel(R) Xeon(R) Platinum 8259CL CPU @ 2.50GHz,Intel(R) Xeon(R) Platinum 8259CL CPU @ 2.50GHz,Intel
d3en.xlarge,ap-northeast-1,apne1-az4,3,1.0,1.0,2.5,0.762,0.2346,69,d3en,Storage,d,4.0,16.0,23883.6025,Intel(R) Xeon(R) Platinum 8259CL CPU @ 2.50GHz,Intel(R) Xeon(R) Platinum 8259CL CPU @ 2.50GHz,Intel
g4ad.16xlarge,ap-northeast-1,apne1-az1,1,0.0,0.0,3.0,4.68,4.68,0,g4ad,AC,g,64.0,256.0,25550.3882,AMD EPYC 7R32,AMD EPYC 7R32,AuthenticAMD
g4ad.16xlarge,ap-northeast-1,apne1-az2,3,1.0,5.0,3.0,4.68,1.3439,71,g4ad,AC,g,64.0,256.0,25550.3882,AMD EPYC 7R32,AMD EPYC 7R32,AuthenticAMD
g4ad.16xlarge,ap-northeast-1,apne1-az4,3,5.0,5.0,3.0,4.68,1.3421,71,g4ad,AC,g,64.0,256.0,25550.3882,AMD EPYC 7R32,AMD EPYC 7R32,AuthenticAMD
g4ad.2xlarge,ap-northeast-1,apne1-az1,1,0.0,0.0,3.0,0.7303,0.7303,0,g4ad,AC,g,8.0,32.0,25550.3882,AMD EPYC 7R32,AMD EPYC 7R32,AuthenticAMD
g4ad.2xlarge,ap-northeast-1,apne1-az2,3,1.0,5.0,3.0,0.7303,0.2252,69,g4ad,AC,g,8.0,32.0,25550.3882,AMD EPYC 7R32,AMD EPYC 7R32,AuthenticAMD
g4ad.2xlarge,ap-northeast-1,apne1-az4,3,5.0,5.0,3.0,0.7303,0.2725,62,g4ad,AC,g,8.0,32.0,25550.3882,AMD EPYC 7R32,AMD EPYC 7R32,AuthenticAMD
g4ad.4xlarge,ap-northeast-1,apne1-az1,1,0.0,0.0,3.0,1.17,1.17,0,g4ad,AC,g,16.0,64.0,25550.3882,AMD EPYC 7R32,AMD EPYC 7R32,AuthenticAMD
g4ad.4xlarge,ap-northeast-1,apne1-az2,3,5.0,5.0,3.0,1.17,0.339,71,g4ad,AC,g,16.0,64.0,25550.3882,AMD EPYC 7R32,AMD EPYC 7R32,AuthenticAMD
g4ad.4xlarge,ap-northeast-1,apne1-az4,3,5.0,5.0,3.0,1.17,0.478,59,g4ad,AC,g,16.0,64.0,25550.3882,AMD EPYC 7R32,AMD EPYC 7R32,AuthenticAMD
g4ad.8xlarge,ap-northeast-1,apne1-az1,1,0.0,0.0,3.0,2.34,2.34,0,g4ad,AC,g,32.0,128.0,25550.3882,AMD EPYC 7R32,AMD EPYC 7R32,AuthenticAMD
g4ad.8xlarge,ap-northeast-1,apne1-az2,3,1.0,1.0,3.0,2.34,0.7447,68,g4ad,AC,g,32.0,128.0,25550.3882,AMD EPYC 7R32,AMD EPYC 7R32,AuthenticAMD
g4ad.8xlarge,ap-northeast-1,apne1-az4,3,1.0,1.0,3.0,2.34,0.7736,66,g4ad,AC,g,32.0,128.0,25550.3882,AMD EPYC 7R32,AMD EPYC 7R32,AuthenticAMD
g4ad.xlarge,ap-northeast-1,apne1-az1,1,0.0,0.0,3.0,0.51082,0.5108,0,g4ad,AC,g,4.0,16.0,25550.3882,AMD EPYC 7R32,AMD EPYC 7R32,AuthenticAMD
g4ad.xlarge,ap-northeast-1,apne1-az2,3,5.0,10.0,3.0,0.51082,0.159,68,g4ad,AC,g,4.0,16.0,25550.3882,AMD EPYC 7R32,AMD EPYC 7R32,AuthenticAMD
g4ad.xlarge,ap-northeast-1,apne1-az4,3,5.0,10.0,3.0,0.51082,0.1504,70,g4ad,AC,g,4.0,16.0,25550.3882,AMD EPYC 7R32,AMD EPYC 7R32,AuthenticAMD
g4dn.12xlarge,ap-northeast-1,apne1-az1,3,1.0,1.0,1.5,5.281,1.8597,64,g4dn,AC,g,48.0,192.0,23883.6025,Intel(R) Xeon(R) Platinum 8259CL CPU @ 2.50GHz,Intel(R) Xeon(R) Platinum 8259CL CPU @ 2.50GHz,Intel
g4dn.12xlarge,ap-northeast-1,apne1-az2,3,1.0,1.0,1.5,5.281,1.9449,63,g4dn,AC,g,48.0,192.0,23883.6025,Intel(R) Xeon(R) Platinum 8259CL CPU @ 2.50GHz,Intel(R) Xeon(R) Platinum 8259CL CPU @ 2.50GHz,Intel
g4dn.12xlarge,ap-northeast-1,apne1-az4,3,1.0,1.0,1.5,5.281,1.9675,62,g4dn,AC,g,48.0,192.0,23883.6025,Intel(R) Xeon(R) Platinum 8259CL CPU @ 2.50GHz,Intel(R) Xeon(R) Platinum 8259CL CPU @ 2.50GHz,Intel
g4dn.16xlarge,ap-northeast-1,apne1-az1,3,1.0,5.0,2.0,5.875,1.7973,69,g4dn,AC,g,64.0,256.0,23883.6025,Intel(R) Xeon(R) Platinum 8259CL CPU @ 2.50GHz,Intel(R) Xeon(R) Platinum 8259CL CPU @ 2.50GHz,Intel
g4dn.16xlarge,ap-northeast-1,apne1-az2,3,1.0,5.0,2.0,5.875,1.8538,68,g4dn,AC,g,64.0,256.0,23883.6025,Intel(R) Xeon(R) Platinum 8259CL CPU @ 2.50GHz,Intel(R) Xeon(R) Platinum 8259CL CPU @ 2.50GHz,Intel
g4dn.16xlarge,ap-northeast-1,apne1-az4,3,1.0,1.0,2.0,5.875,1.7782,69,g4dn,AC,g,64.0,256.0,23883.6025,Intel(R) Xeon(R) Platinum 8259CL CPU @ 2.50GHz,Intel(R) Xeon(R) Platinum 8259CL CPU @ 2.50GHz,Intel
g4dn.2xlarge,ap-northeast-1,apne1-az1,3,15.0,25.0,1.0,1.015,0.4061,59,g4dn,AC,g,8.0,32.0,23883.6025,Intel(R) Xeon(R) Platinum 8259CL CPU @ 2.50GHz,Intel(R) Xeon(R) Platinum 8259CL CPU @ 2.50GHz,Intel
g4dn.2xlarge,ap-northeast-1,apne1-az2,3,10.0,15.0,1.0,1.015,0.3531,65,g4dn,AC,g,8.0,32.0,23883.6025,Intel(R) Xeon(R) Platinum 8259CL CPU @ 2.50GHz,Intel(R) Xeon(R) Platinum 8259CL CPU @ 2.50GHz,Intel
g4dn.2xlarge,ap-northeast-1,apne1-az4,3,5.0,10.0,1.0,1.015,0.3952,61,g4dn,AC,g,8.0,32.0,23883.6025,Intel(R) Xeon(R) Platinum 8259CL CPU @ 2.50GHz,Intel(R) Xeon(R) Platinum 8259CL CPU @ 2.50GHz,Intel
g4dn.4xlarge,ap-northeast-1,apne1-az1,1,0.0,0.0,1.0,1.625,0.4889,69,g4dn,AC,g,16.0,64.0,23883.6025,Intel(R) Xeon(R) Platinum 8259CL CPU @ 2.50GHz,Intel(R) Xeon(R) Platinum 8259CL CPU @ 2.50GHz,Intel
g4dn.4xlarge,ap-northeast-1,apne1-az2,3,1.0,1.0,1.0,1.625,0.5042,68,g4dn,AC,g,16.0,64.0,23883.6025,Intel(R) Xeon(R) Platinum 8259CL CPU @ 2.50GHz,Intel(R) Xeon(R) Platinum 8259CL CPU @ 2.50GHz,Intel
g4dn.4xlarge,ap-northeast-1,apne1-az4,3,1.0,1.0,1.0,1.625,0.5181,68,g4dn,AC,g,16.0,64.0,23883.6025,Intel(R) Xeon(R) Platinum 8259CL CPU @ 2.50GHz,Intel(R) Xeon(R) Platinum 8259CL CPU @ 2.50GHz,Intel
g4dn.8xlarge,ap-northeast-1,apne1-az1,3,1.0,1.0,1.0,2.938,0.9327,68,g4dn,AC,g,32.0,128.0,23883.6025,Intel(R) Xeon(R) Platinum 8259CL CPU @ 2.50GHz,Intel(R) Xeon(R) Platinum 8259CL CPU @ 2.50GHz,Intel
g4dn.8xlarge,ap-northeast-1,apne1-az2,3,1.0,1.0,1.0,2.938,0.9111,68,g4dn,AC,g,32.0,128.0,23883.6025,Intel(R) Xeon(R) Platinum 8259CL CPU @ 2.50GHz,Intel(R) Xeon(R) Platinum 8259CL CPU @ 2.50GHz,Intel
g4dn.8xlarge,ap-northeast-1,apne1-az4,3,1.0,1.0,1.0,2.938,1.014,65,g4dn,AC,g,32.0,128.0,23883.6025,Intel(R) Xeon(R) Platinum 8259CL CPU @ 2.50GHz,Intel(R) Xeon(R) Platinum 8259CL CPU @ 2.50GHz,Intel
g4dn.xlarge,ap-northeast-1,apne1-az1,3,50.0,50.0,2.0,0.71,0.2344,66,g4dn,AC,g,4.0,16.0,23883.6025,Intel(R) Xeon(R) Platinum 8259CL CPU @ 2.50GHz,Intel(R) Xeon(R) Platinum 8259CL CPU @ 2.50GHz,Intel
g4dn.xlarge,ap-northeast-1,apne1-az2,3,50.0,50.0,2.0,0.71,0.2819,60,g4dn,AC,g,4.0,16.0,23883.6025,Intel(R) Xeon(R) Platinum 8259CL CPU @ 2.50GHz,Intel(R) Xeon(R) Platinum 8259CL CPU @ 2.50GHz,Intel
g4dn.xlarge,ap-northeast-1,apne1-az4,3,50.0,50.0,2.0,0.71,0.2178,69,g4dn,AC,g,4.0,16.0,23883.6025,Intel(R) Xeon(R) Platinum 8259CL CPU @ 2.50GHz,Intel(R) Xeon(R) Platinum 8259CL CPU @ 2.50GHz,Intel
g5.12xlarge,ap-northeast-1,apne1-az1,1,0.0,0.0,1.0,8.22609,3.0649,62,g5,AC,g,48.0,192.0,25550.3882,AMD EPYC 7R32,AMD EPYC 7R32,AuthenticAMD
g5.12xlarge,ap-northeast-1,apne1-az4,1,0.0,0.0,1.0,8.22609,2.8919,64,g5,AC,g,48.0,192.0,25550.3882,AMD EPYC 7R32,AMD EPYC 7R32,AuthenticAMD
g5.16xlarge,ap-northeast-1,apne1-az1,1,0.0,0.0,1.0,5.94042,2.9144,50,g5,AC,g,64.0,256.0,25550.3882,AMD EPYC 7R32,AMD EPYC 7R32,AuthenticAMD
g5.16xlarge,ap-northeast-1,apne1-az4,1,0.0,0.0,1.0,5.94042,2.903,51,g5,AC,g,64.0,256.0,25550.3882,AMD EPYC 7R32,AMD EPYC 7R32,AuthenticAMD
g5.24xlarge,ap-northeast-1,apne1-az1,1,0.0,0.0,3.0,11.81123,3.6643,68,g5,AC,g,96.0,384.0,25550.3882,AMD EPYC 7R32,AMD EPYC 7R32,AuthenticAMD
g5.24xlarge,ap-northeast-1,apne1-az4,1,0.0,0.0,3.0,11.81123,7.8389,33,g5,AC,g,96.0,384.0,25550.3882,AMD EPYC 7R32,AMD EPYC 7R32,AuthenticAMD
g5.2xlarge,ap-northeast-1,apne1-az1,3,1.0,5.0,1.0,1.75776,0.6368,63,g5,AC,g,8.0,32.0,25550.3882,AMD EPYC 7R32,AMD EPYC 7R32,AuthenticAMD
g5.2xlarge,ap-northeast-1,apne1-az4,3,5.0,5.0,1.0,1.75776,0.6176,64,g5,AC,g,8.0,32.0,25550.3882,AMD EPYC 7R32,AMD EPYC 7R32,AuthenticAMD
g5.48xlarge,ap-northeast-1,apne1-az1,1,0.0,0.0,3.0,23.62246,6.9325,70,g5,AC,g,192.0,768.0,25550.3882,AMD EPYC 7R32,AMD EPYC 7R32,AuthenticAMD
g5.48xlarge,ap-northeast-1,apne1-az4,1,0.0,0.0,3.0,23.62246,7.0863,70,g5,AC,g,192.0,768.0,25550.3882,AMD EPYC 7R32,AMD EPYC 7R32,AuthenticAMD
g5.4xlarge,ap-northeast-1,apne1-az1,3,1.0,5.0,1.5,2.35528,0.7792,66,g5,AC,g,16.0,64.0,25550.3882,AMD EPYC 7R32,AMD EPYC 7R32,AuthenticAMD
g5.4xlarge,ap-northeast-1,apne1-az4,3,25.0,40.0,1.5,2.35528,0.8064,65,g5,AC,g,16.0,64.0,25550.3882,AMD EPYC 7R32,AMD EPYC 7R32,AuthenticAMD
g5.8xlarge,ap-northeast-1,apne1-az1,3,1.0,1.0,1.0,3.55033,1.1958,66,g5,AC,g,32.0,128.0,25550.3882,AMD EPYC 7R32,AMD EPYC 7R32,AuthenticAMD
g5.8xlarge,ap-northeast-1,apne1-az4,3,1.0,1.0,1.0,3.55033,1.1274,68,g5,AC,g,32.0,128.0,25550.3882,AMD EPYC 7R32,AMD EPYC 7R32,AuthenticAMD
g5.xlarge,ap-northeast-1,apne1-az1,3,15.0,20.0,1.0,1.459,0.5872,59,g5,AC,g,4.0,16.0,25550.3882,AMD EPYC 7R32,AMD EPYC 7R32,AuthenticAMD
g5.xlarge,ap-northeast-1,apne1-az4,3,5.0,10.0,1.0,1.459,0.5499,62,g5,AC,g,4.0,16.0,25550.3882,AMD EPYC 7R32,AMD EPYC 7R32,AuthenticAMD
g5g.16xlarge,ap-northeast-1,apne1-az1,3,20.0,30.0,3.0,3.7039,1.0254,72,g5g,AC,g,64.0,128.0,19336.1335,AWS Graviton2 Processor,Neoverse-N1,AWS
g5g.16xlarge,ap-northeast-1,apne1-az2,3,10.0,15.0,3.0,3.7039,1.2254,66,g5g,AC,g,64.0,128.0,19336.1335,AWS Graviton2 Processor,Neoverse-N1,AWS
g5g.2xlarge,ap-northeast-1,apne1-az1,3,1.0,5.0,3.0,0.7505,0.2504,66,g5g,AC,g,8.0,16.0,19336.1335,AWS Graviton2 Processor,Neoverse-N1,AWS
g5g.2xlarge,ap-northeast-1,apne1-az2,3,1.0,1.0,3.0,0.7505,0.2453,67,g5g,AC,g,8.0,16.0,19336.1335,AWS Graviton2 Processor,Neoverse-N1,AWS
g5g.4xlarge,ap-northeast-1,apne1-az1,3,5.0,5.0,3.0,1.1176,0.3489,68,g5g,AC,g,16.0,32.0,19336.1335,AWS Graviton2 Processor,Neoverse-N1,AWS
g5g.4xlarge,ap-northeast-1,apne1-az2,3,1.0,5.0,3.0,1.1176,0.3198,71,g5g,AC,g,16.0,32.0,19336.1335,AWS Graviton2 Processor,Neoverse-N1,AWS
g5g.8xlarge,ap-northeast-1,apne1-az1,3,5.0,5.0,3.0,1.8519,0.5613,69,g5g,AC,g,32.0,64.0,19336.1335,AWS Graviton2 Processor,Neoverse-N1,AWS
g5g.8xlarge,ap-northeast-1,apne1-az2,3,1.0,5.0,3.0,1.8519,0.5792,68,g5g,AC,g,32.0,64.0,19336.1335,AWS Graviton2 Processor,Neoverse-N1,AWS
g5g.xlarge,ap-northeast-1,apne1-az1,3,5.0,5.0,1.5,0.5669,0.1664,70,g5g,AC,g,4.0,8.0,19336.1335,AWS Graviton2 Processor,Neoverse-N1,AWS
g5g.xlarge,ap-northeast-1,apne1-az2,3,1.0,5.0,1.5,0.5669,0.1758,68,g5g,AC,g,4.0,8.0,19336.1335,AWS Graviton2 Processor,Neoverse-N1,AWS
g6.12xlarge,ap-northeast-1,apne1-az1,1,0.0,0.0,1.0,6.67369,3.3051,50,g6,AC,g,48.0,192.0,33539.1601,AMD EPYC 7R13 Processor,AMD EPYC 7R13,AuthenticAMD
g6.12xlarge,ap-northeast-1,apne1-az4,1,0.0,0.0,1.0,6.67369,2.9943,55,g6,AC,g,48.0,192.0,33539.1601,AMD EPYC 7R13 Processor,AMD EPYC 7R13,AuthenticAMD
g6.16xlarge,ap-northeast-1,apne1-az1,1,0.0,0.0,2.0,4.92637,2.4158,50,g6,AC,g,64.0,256.0,33539.1601,AMD EPYC 7R13 Processor,AMD EPYC 7R13,AuthenticAMD
g6.16xlarge,ap-northeast-1,apne1-az4,1,0.0,0.0,2.0,4.92637,2.4254,50,g6,AC,g,64.0,256.0,33539.1601,AMD EPYC 7R13 Processor,AMD EPYC 7R13,AuthenticAMD
g6.24xlarge,ap-northeast-1,apne1-az1,1,0.0,0.0,1.0,9.68103,4.3072,55,g6,AC,g,96.0,384.0,33539.1601,AMD EPYC 7R13 Processor,AMD EPYC 7R13,AuthenticAMD
g6.24xlarge,ap-northeast-1,apne1-az4,1,0.0,0.0,1.0,9.68103,4.4041,54,g6,AC,g,96.0,384.0,33539.1601,AMD EPYC 7R13 Processor,AMD EPYC 7R13,AuthenticAMD
g6.2xlarge,ap-northeast-1,apne1-az1,3,10.0,15.0,1.0,1.41781,0.5913,58,g6,AC,g,8.0,32.0,33539.1601,AMD EPYC 7R13 Processor,AMD EPYC 7R13,AuthenticAMD
g6.2xlarge,ap-northeast-1,apne1-az4,3,15.0,25.0,1.0,1.41781,0.515,63,g6,AC,g,8.0,32.0,33539.1601,AMD EPYC 7R13 Processor,AMD EPYC 7R13,AuthenticAMD
g6.48xlarge,ap-northeast-1,apne1-az1,1,0.0,0.0,1.0,19.36206,9.2872,52,g6,AC,g,192.0,768.0,33539.1601,AMD EPYC 7R13 Processor,AMD EPYC 7R13,AuthenticAMD
g6.48xlarge,ap-northeast-1,apne1-az4,1,0.0,0.0,1.0,19.36206,9.3117,51,g6,AC,g,192.0,768.0,33539.1601,AMD EPYC 7R13 Processor,AMD EPYC 7R13,AuthenticAMD
g6.4xlarge,ap-northeast-1,apne1-az1,3,5.0,5.0,1.5,1.91903,0.6312,67,g6,AC,g,16.0,64.0,33539.1601,AMD EPYC 7R13 Processor,AMD EPYC 7R13,AuthenticAMD
g6.4xlarge,ap-northeast-1,apne1-az4,3,10.0,20.0,1.5,1.91903,0.6861,64,g6,AC,g,16.0,64.0,33539.1601,AMD EPYC 7R13 Processor,AMD EPYC 7R13,AuthenticAMD
g6.8xlarge,ap-northeast-1,apne1-az1,3,1.0,1.0,2.5,2.92148,1.0859,62,g6,AC,g,32.0,128.0,33539.1601,AMD EPYC 7R13 Processor,AMD EPYC 7R13,AuthenticAMD
g6.8xlarge,ap-northeast-1,apne1-az4,3,1.0,1.0,2.5,2.92148,0.8754,70,g6,AC,g,32.0,128.0,33539.1601,AMD EPYC 7R13 Processor,AMD EPYC 7R13,AuthenticAMD
g6.xlarge,ap-northeast-1,apne1-az1,3,10.0,15.0,1.0,1.1672,0.4942,57,g6,AC,g,4.0,16.0,33539.1601,AMD EPYC 7R13 Processor,AMD EPYC 7R13,AuthenticAMD
g6.xlarge,ap-northeast-1,apne1-az4,3,10.0,20.0,1.0,1.1672,0.482,58,g6,AC,g,4.0,16.0,33539.1601,AMD EPYC 7R13 Processor,AMD EPYC 7R13,AuthenticAMD
g6e.12xlarge,ap-northeast-1,apne1-az1,1,0.0,0.0,2.0,15.21742,8.2494,45,g6e,AC,g,48.0,384.0,33539.1601,AMD EPYC 7R13 Processor,AMD EPYC 7R13,AuthenticAMD
g6e.12xlarge,ap-northeast-1,apne1-az4,1,0.0,0.0,2.0,15.21742,8.0226,47,g6e,AC,g,48.0,384.0,33539.1601,AMD EPYC 7R13 Processor,AMD EPYC 7R13,AuthenticAMD
g6e.16xlarge,ap-northeast-1,apne1-az1,1,0.0,0.0,1.0,10.98917,5.4225,50,g6e,AC,g,64.0,512.0,33539.1601,AMD EPYC 7R13 Processor,AMD EPYC 7R13,AuthenticAMD
g6e.16xlarge,ap-northeast-1,apne1-az4,1,0.0,0.0,1.0,10.98917,5.0602,53,g6e,AC,g,64.0,512.0,33539.1601,AMD EPYC 7R13 Processor,AMD EPYC 7R13,AuthenticAMD
g6e.24xlarge,ap-northeast-1,apne1-az1,1,0.0,0.0,1.5,21.84956,9.5684,56,g6e,AC,g,96.0,768.0,33539.1601,AMD EPYC 7R13 Processor,AMD EPYC 7R13,AuthenticAMD
g6e.24xlarge,ap-northeast-1,apne1-az4,1,0.0,0.0,1.5,21.84956,9.2152,57,g6e,AC,g,96.0,768.0,33539.1601,AMD EPYC 7R13 Processor,AMD EPYC 7R13,AuthenticAMD
g6e.2xlarge,ap-northeast-1,apne1-az1,3,10.0,15.0,3.0,3.25168,1.3765,57,g6e,AC,g,8.0,64.0,33539.1601,AMD EPYC 7R13 Processor,AMD EPYC 7R13,AuthenticAMD
g6e.2xlarge,ap-northeast-1,apne1-az4,3,1.0,5.0,3.0,3.25168,1.1858,63,g6e,AC,g,8.0,64.0,33539.1601,AMD EPYC 7R13 Processor,AMD EPYC 7R13,AuthenticAMD
g6e.48xlarge,ap-northeast-1,apne1-az1,1,0.0,0.0,1.0,43.69912,19.4488,55,g6e,AC,g,192.0,1536.0,33539.1601,AMD EPYC 7R13 Processor,AMD EPYC 7R13,AuthenticAMD
g6e.48xlarge,ap-northeast-1,apne1-az4,1,0.0,0.0,1.0,43.69912,16.782,61,g6e,AC,g,192.0,1536.0,33539.1601,AMD EPYC 7R13 Processor,AMD EPYC 7R13,AuthenticAMD
g6e.4xlarge,ap-northeast-1,apne1-az1,3,5.0,10.0,2.5,4.35703,1.3929,68,g6e,AC,g,16.0,128.0,33539.1601,AMD EPYC 7R13 Processor,AMD EPYC 7R13,AuthenticAMD
g6e.4xlarge,ap-northeast-1,apne1-az4,3,1.0,1.0,2.5,4.35703,1.8213,58,g6e,AC,g,16.0,128.0,33539.1601,AMD EPYC 7R13 Processor,AMD EPYC 7R13,AuthenticAMD
g6e.8xlarge,ap-northeast-1,apne1-az1,3,1.0,5.0,2.0,6.56775,2.071,68,g6e,AC,g,32.0,256.0,33539.1601,AMD EPYC 7R13 Processor,AMD EPYC 7R13,AuthenticAMD
g6e.8xlarge,ap-northeast-1,apne1-az4,3,1.0,1.0,2.0,6.56775,2.0267,69,g6e,AC,g,32.0,256.0,33539.1601,AMD EPYC 7R13 Processor,AMD EPYC 7R13,AuthenticAMD
g6e.xlarge,ap-northeast-1,apne1-az1,3,25.0,40.0,2.0,2.699,0.9094,66,g6e,AC,g,4.0,32.0,33539.1601,AMD EPYC 7R13 Processor,AMD EPYC 7R13,AuthenticAMD
g6e.xlarge,ap-northeast-1,apne1-az4,3,10.0,15.0,2.0,2.699,0.9559,64,g6e,AC,g,4.0,32.0,33539.1601,AMD EPYC 7R13 Processor,AMD EPYC 7R13,AuthenticAMD
gr6.4xlarge,ap-northeast-1,apne1-az1,3,1.0,1.0,2.0,2.2323,0.6982,68,gr6,gr,gr,16.0,128.0,33539.1601,AMD EPYC 7R13 Processor,AMD EPYC 7R13,AuthenticAMD
gr6.4xlarge,ap-northeast-1,apne1-az4,3,1.0,1.0,2.0,2.2323,0.7538,66,gr6,gr,gr,16.0,128.0,33539.1601,AMD EPYC 7R13 Processor,AMD EPYC 7R13,AuthenticAMD
gr6.8xlarge,ap-northeast-1,apne1-az1,3,1.0,1.0,2.5,3.54801,1.1096,68,gr6,gr,gr,32.0,256.0,33539.1601,AMD EPYC 7R13 Processor,AMD EPYC 7R13,AuthenticAMD
gr6.8xlarge,ap-northeast-1,apne1-az4,3,1.0,1.0,2.5,3.54801,1.0921,69,gr6,gr,gr,32.0,256.0,33539.1601,AMD EPYC 7R13 Processor,AMD EPYC 7R13,AuthenticAMD
i3.16xlarge,ap-northeast-1,apne1-az1,3,20.0,30.0,1.0,5.856,1.8213,68,i3,Storage,i,64.0,488.0,23883.6025,Intel(R) Xeon(R) CPU E5-2686 v4 @ 2.30GHz,Intel(R) Xeon(R) CPU E5-2686 v4 @ 2.30GHz,Intel
i3.16xlarge,ap-northeast-1,apne1-az2,3,50.0,50.0,1.0,5.856,1.7704,69,i3,Storage,i,64.0,488.0,23883.6025,Intel(R) Xeon(R) CPU E5-2686 v4 @ 2.30GHz,Intel(R) Xeon(R) CPU E5-2686 v4 @ 2.30GHz,Intel
i3.16xlarge,ap-northeast-1,apne1-az4,3,50.0,50.0,1.0,5.856,1.6869,71,i3,Storage,i,64.0,488.0,23883.6025,Intel(R) Xeon(R) CPU E5-2686 v4 @ 2.30GHz,Intel(R) Xeon(R) CPU E5-2686 v4 @ 2.30GHz,Intel
i3.2xlarge,ap-northeast-1,apne1-az1,3,50.0,50.0,1.0,0.732,0.229,68,i3,Storage,i,8.0,61.0,23883.6025,Intel(R) Xeon(R) CPU E5-2686 v4 @ 2.30GHz,Intel(R) Xeon(R) CPU E5-2686 v4 @ 2.30GHz,Intel
i3.2xlarge,ap-northeast-1,apne1-az2,3,50.0,50.0,1.0,0.732,0.2037,72,i3,Storage,i,8.0,61.0,23883.6025,Intel(R) Xeon(R) CPU E5-2686 v4 @ 2.30GHz,Intel(R) Xeon(R) CPU E5-2686 v4 @ 2.30GHz,Intel
i3.2xlarge,ap-northeast-1,apne1-az4,3,50.0,50.0,1.0,0.732,0.2082,71,i3,Storage,i,8.0,61.0,23883.6025,Intel(R) Xeon(R) CPU E5-2686 v4 @ 2.30GHz,Intel(R) Xeon(R) CPU E5-2686 v4 @ 2.30GHz,Intel
i3.4xlarge,ap-northeast-1,apne1-az1,3,35.0,50.0,1.0,1.464,0.4756,67,i3,Storage,i,16.0,122.0,23883.6025,Intel(R) Xeon(R) CPU E5-2686 v4 @ 2.30GHz,Intel(R) Xeon(R) CPU E5-2686 v4 @ 2.30GHz,Intel
i3.4xlarge,ap-northeast-1,apne1-az2,3,50.0,50.0,1.0,1.464,0.4683,68,i3,Storage,i,16.0,122.0,23883.6025,Intel(R) Xeon(R) CPU E5-2686 v4 @ 2.30GHz,Intel(R) Xeon(R) CPU E5-2686 v4 @ 2.30GHz,Intel
i3.4xlarge,ap-northeast-1,apne1-az4,3,50.0,50.0,1.0,1.464,0.4633,68,i3,Storage,i,16.0,122.0,23883.6025,Intel(R) Xeon(R) CPU E5-2686 v4 @ 2.30GHz,Intel(R) Xeon(R) CPU E5-2686 v4 @ 2.30GHz,Intel
i3.8xlarge,ap-northeast-1,apne1-az1,3,50.0,50.0,1.0,2.928,0.9044,69,i3,Storage,i,32.0,244.0,23883.6025,Intel(R) Xeon(R) CPU E5-2686 v4 @ 2.30GHz,Intel(R) Xeon(R) CPU E5-2686 v4 @ 2.30GHz,Intel
i3.8xlarge,ap-northeast-1,apne1-az2,3,50.0,50.0,1.0,2.928,0.8581,70,i3,Storage,i,32.0,244.0,23883.6025,Intel(R) Xeon(R) CPU E5-2686 v4 @ 2.30GHz,Intel(R) Xeon(R) CPU E5-2686 v4 @ 2.30GHz,Intel
i3.8xlarge,ap-northeast-1,apne1-az4,3,50.0,50.0,1.0,2.928,0.9111,68,i3,Storage,i,32.0,244.0,23883.6025,Intel(R) Xeon(R) CPU E5-2686 v4 @ 2.30GHz,Intel(R) Xeon(R) CPU E5-2686 v4 @ 2.30GHz,Intel
i3.large,ap-northeast-1,apne1-az1,3,50.0,50.0,1.0,0.183,0.0569,68,i3,Storage,i,2.0,15.0,23883.6025,Intel(R) Xeon(R) CPU E5-2686 v4 @ 2.30GHz,Intel(R) Xeon(R) CPU E5-2686 v4 @ 2.30GHz,Intel
i3.large,ap-northeast-1,apne1-az2,3,50.0,50.0,1.0,0.183,0.0558,69,i3,Storage,i,2.0,15.0,23883.6025,Intel(R) Xeon(R) CPU E5-2686 v4 @ 2.30GHz,Intel(R) Xeon(R) CPU E5-2686 v4 @ 2.30GHz,Intel
i3.large,ap-northeast-1,apne1-az4,3,50.0,50.0,1.0,0.183,0.0579,68,i3,Storage,i,2.0,15.0,23883.6025,Intel(R) Xeon(R) CPU E5-2686 v4 @ 2.30GHz,Intel(R) Xeon(R) CPU E5-2686 v4 @ 2.30GHz,Intel
i3.xlarge,ap-northeast-1,apne1-az1,3,50.0,50.0,1.0,0.366,0.1131,69,i3,Storage,i,4.0,30.0,23883.6025,Intel(R) Xeon(R) CPU E5-2686 v4 @ 2.30GHz,Intel(R) Xeon(R) CPU E5-2686 v4 @ 2.30GHz,Intel
i3.xlarge,ap-northeast-1,apne1-az2,3,50.0,50.0,1.0,0.366,0.1103,69,i3,Storage,i,4.0,30.0,23883.6025,Intel(R) Xeon(R) CPU E5-2686 v4 @ 2.30GHz,Intel(R) Xeon(R) CPU E5-2686 v4 @ 2.30GHz,Intel
i3.xlarge,ap-northeast-1,apne1-az4,3,50.0,50.0,1.0,0.366,0.1116,69,i3,Storage,i,4.0,30.0,23883.6025,Intel(R) Xeon(R) CPU E5-2686 v4 @ 2.30GHz,Intel(R) Xeon(R) CPU E5-2686 v4 @ 2.30GHz,Intel
i3en.12xlarge,ap-northeast-1,apne1-az1,3,1.0,5.0,1.5,6.384,2.5792,59,i3en,Storage,i,48.0,384.0,23883.6025,Intel(R) Xeon(R) Platinum 8259CL CPU @ 2.50GHz,Intel(R) Xeon(R) Platinum 8259CL CPU @ 2.50GHz,Intel
i3en.12xlarge,ap-northeast-1,apne1-az2,3,5.0,10.0,1.5,6.384,2.1975,65,i3en,Storage,i,48.0,384.0,23883.6025,Intel(R) Xeon(R) Platinum 8259CL CPU @ 2.50GHz,Intel(R) Xeon(R) Platinum 8259CL CPU @ 2.50GHz,Intel
i3en.12xlarge,ap-northeast-1,apne1-az4,3,1.0,5.0,1.5,6.384,2.0833,67,i3en,Storage,i,48.0,384.0,23883.6025,Intel(R) Xeon(R) Platinum 8259CL CPU @ 2.50GHz,Intel(R) Xeon(R) Platinum 8259CL CPU @ 2.50GHz,Intel
i3en.24xlarge,ap-northeast-1,apne1-az1,3,1.0,1.0,1.0,12.768,4.2188,66,i3en,Storage,i,96.0,768.0,23883.6025,Intel(R) Xeon(R) Platinum 8259CL CPU @ 2.50GHz,Intel(R) Xeon(R) Platinum 8259CL CPU @ 2.50GHz,Intel
i3en.24xlarge,ap-northeast-1,apne1-az2,3,1.0,1.0,1.0,12.768,5.7943,54,i3en,Storage,i,96.0,768.0,23883.6025,Intel(R) Xeon(R) Platinum 8259CL CPU @ 2.50GHz,Intel(R) Xeon(R) Platinum 8259CL CPU @ 2.50GHz,Intel
i3en.24xlarge,ap-northeast-1,apne1-az4,3,10.0,15.0,1.0,12.768,4.6507,63,i3en,Storage,i,96.0,768.0,23883.6025,Intel(R) Xeon(R) Platinum 8259CL CPU @ 2.50GHz,Intel(R) Xeon(R) Platinum 8259CL CPU @ 2.50GHz,Intel
i3en.2xlarge,ap-northeast-1,apne1-az1,3,15.0,20.0,2.5,1.064,0.3596,66,i3en,Storage,i,8.0,64.0,23883.6025,Intel(R) Xeon(R) Platinum 8259CL CPU @ 2.50GHz,Intel(R) Xeon(R) Platinum 8259CL CPU @ 2.50GHz,Intel
i3en.2xlarge,ap-northeast-1,apne1-az2,3,15.0,20.0,2.5,1.064,0.4588,56,i3en,Storage,i,8.0,64.0,23883.6025,Intel(R) Xeon(R) Platinum 8259CL CPU @ 2.50GHz,Intel(R) Xeon(R) Platinum 8259CL CPU @ 2.50GHz,Intel
i3en.2xlarge,ap-northeast-1,apne1-az4,3,25.0,50.0,2.5,1.064,0.3411,67,i3en,Storage,i,8.0,64.0,23883.6025,Intel(R) Xeon(R) Platinum 8259CL CPU @ 2.50GHz,Intel(R) Xeon(R) Platinum 8259CL CPU @ 2.50GHz,Intel
i3en.3xlarge,ap-northeast-1,apne1-az1,3,15.0,25.0,2.5,1.596,0.5386,66,i3en,Storage,i,12.0,96.0,23883.6025,Intel(R) Xeon(R) Platinum 8259CL CPU @ 2.50GHz,Intel(R) Xeon(R) Platinum 8259CL CPU @ 2.50GHz,Intel
i3en.3xlarge,ap-northeast-1,apne1-az2,3,20.0,30.0,2.5,1.596,0.4976,68,i3en,Storage,i,12.0,96.0,23883.6025,Intel(R) Xeon(R) Platinum 8259CL CPU @ 2.50GHz,Intel(R) Xeon(R) Platinum 8259CL CPU @ 2.50GHz,Intel
i3en.3xlarge,ap-northeast-1,apne1-az4,3,10.0,15.0,2.5,1.596,0.4825,69,i3en,Storage,i,12.0,96.0,23883.6025,Intel(R) Xeon(R) Platinum 8259CL CPU @ 2.50GHz,Intel(R) Xeon(R) Platinum 8259CL CPU @ 2.50GHz,Intel
i3en.6xlarge,ap-northeast-1,apne1-az1,3,20.0,30.0,2.5,3.192,1.0753,66,i3en,Storage,i,24.0,192.0,23883.6025,Intel(R) Xeon(R) Platinum 8259CL CPU @ 2.50GHz,Intel(R) Xeon(R) Platinum 8259CL CPU @ 2.50GHz,Intel
i3en.6xlarge,ap-northeast-1,apne1-az2,3,40.0,50.0,2.5,3.192,0.9586,69,i3en,Storage,i,24.0,192.0,23883.6025,Intel(R) Xeon(R) Platinum 8259CL CPU @ 2.50GHz,Intel(R) Xeon(R) Platinum 8259CL CPU @ 2.50GHz,Intel
i3en.6xlarge,ap-northeast-1,apne1-az4,3,50.0,50.0,2.5,3.192,0.8771,72,i3en,Storage,i,24.0,192.0,23883.6025,Intel(R) Xeon(R) Platinum 8259CL CPU @ 2.50GHz,Intel(R) Xeon(R) Platinum 8259CL CPU @ 2.50GHz,Intel
i3en.large,ap-northeast-1,apne1-az1,3,50.0,50.0,3.0,0.266,0.0807,69,i3en,Storage,i,2.0,16.0,23738.917,Intel(R) Xeon(R) Platinum 8175M CPU @ 2.50GHz,Intel(R) Xeon(R) Platinum 8175M CPU @ 2.50GHz,Intel
i3en.large,ap-northeast-1,apne1-az2,3,50.0,50.0,3.0,0.266,0.0772,70,i3en,Storage,i,2.0,16.0,23738.917,Intel(R) Xeon(R) Platinum 8175M CPU @ 2.50GHz,Intel(R) Xeon(R) Platinum 8175M CPU @ 2.50GHz,Intel
i3en.large,ap-northeast-1,apne1-az4,3,50.0,50.0,3.0,0.266,0.0871,67,i3en,Storage,i,2.0,16.0,23738.917,Intel(R) Xeon(R) Platinum 8175M CPU @ 2.50GHz,Intel(R) Xeon(R) Platinum 8175M CPU @ 2.50GHz,Intel
i3en.xlarge,ap-northeast-1,apne1-az1,3,40.0,50.0,3.0,0.532,0.1695,68,i3en,Storage,i,4.0,32.0,23883.6025,Intel(R) Xeon(R) Platinum 8259CL CPU @ 2.50GHz,Intel(R) Xeon(R) Platinum 8259CL CPU @ 2.50GHz,Intel
i3en.xlarge,ap-northeast-1,apne1-az2,3,50.0,50.0,3.0,0.532,0.1701,68,i3en,Storage,i,4.0,32.0,23883.6025,Intel(R) Xeon(R) Platinum 8259CL CPU @ 2.50GHz,Intel(R) Xeon(R) Platinum 8259CL CPU @ 2.50GHz,Intel
i3en.xlarge,ap-northeast-1,apne1-az4,3,50.0,50.0,3.0,0.532,0.159,70,i3en,Storage,i,4.0,32.0,23883.6025,Intel(R) Xeon(R) Platinum 8259CL CPU @ 2.50GHz,Intel(R) Xeon(R) Platinum 8259CL CPU @ 2.50GHz,Intel
i4i.12xlarge,ap-northeast-1,apne1-az1,3,1.0,1.0,2.5,4.831,1.4924,69,i4i,Storage,i,48.0,384.0,28985.5594,Intel(R) Xeon(R) Platinum 8375C CPU @ 2.90GHz,Intel(R) Xeon(R) Platinum 8375C CPU @ 2.90GHz,AWS
i4i.12xlarge,ap-northeast-1,apne1-az2,2,0.0,1.0,2.5,4.831,1.4201,70,i4i,Storage,i,48.0,384.0,28985.5594,Intel(R) Xeon(R) Platinum 8375C CPU @ 2.90GHz,Intel(R) Xeon(R) Platinum 8375C CPU @ 2.90GHz,AWS
i4i.12xlarge,ap-northeast-1,apne1-az4,3,1.0,1.0,2.5,4.831,1.416,70,i4i,Storage,i,48.0,384.0,28985.5594,Intel(R) Xeon(R) Platinum 8375C CPU @ 2.90GHz,Intel(R) Xeon(R) Platinum 8375C CPU @ 2.90GHz,AWS
i4i.16xlarge,ap-northeast-1,apne1-az1,3,1.0,1.0,1.5,6.442,1.9417,69,i4i,Storage,i,64.0,512.0,28985.5594,Intel(R) Xeon(R) Platinum 8375C CPU @ 2.90GHz,Intel(R) Xeon(R) Platinum 8375C CPU @ 2.90GHz,Intel
i4i.16xlarge,ap-northeast-1,apne1-az2,2,0.0,1.0,1.5,6.442,2.1392,66,i4i,Storage,i,64.0,512.0,28985.5594,Intel(R) Xeon(R) Platinum 8375C CPU @ 2.90GHz,Intel(R) Xeon(R) Platinum 8375C CPU @ 2.90GHz,Intel
i4i.16xlarge,ap-northeast-1,apne1-az4,2,0.0,1.0,1.5,6.442,2.07,67,i4i,Storage,i,64.0,512.0,28985.5594,Intel(R) Xeon(R) Platinum 8375C CPU @ 2.90GHz,Intel(R) Xeon(R) Platinum 8375C CPU @ 2.90GHz,Intel
i4i.24xlarge,ap-northeast-1,apne1-az1,2,0.0,1.0,2.0,9.6624,3.0991,67,i4i,Storage,i,96.0,768.0,28985.5594,Intel(R) Xeon(R) Platinum 8375C CPU @ 2.90GHz,Intel(R) Xeon(R) Platinum 8375C CPU @ 2.90GHz,Intel
i4i.24xlarge,ap-northeast-1,apne1-az2,2,0.0,1.0,2.0,9.6624,3.026,68,i4i,Storage,i,96.0,768.0,28985.5594,Intel(R) Xeon(R) Platinum 8375C CPU @ 2.90GHz,Intel(R) Xeon(R) Platinum 8375C CPU @ 2.90GHz,Intel
i4i.24xlarge,ap-northeast-1,apne1-az4,2,0.0,1.0,2.0,9.6624,2.8565,70,i4i,Storage,i,96.0,768.0,28985.5594,Intel(R) Xeon(R) Platinum 8375C CPU @ 2.90GHz,Intel(R) Xeon(R) Platinum 8375C CPU @ 2.90GHz,Intel
i4i.2xlarge,ap-northeast-1,apne1-az1,3,1.0,5.0,1.5,0.805,0.271,66,i4i,Storage,i,8.0,64.0,28985.5594,Intel(R) Xeon(R) Platinum 8375C CPU @ 2.90GHz,Intel(R) Xeon(R) Platinum 8375C CPU @ 2.90GHz,Intel
i4i.2xlarge,ap-northeast-1,apne1-az2,3,1.0,5.0,1.5,0.805,0.2437,69,i4i,Storage,i,8.0,64.0,28985.5594,Intel(R) Xeon(R) Platinum 8375C CPU @ 2.90GHz,Intel(R) Xeon(R) Platinum 8375C CPU @ 2.90GHz,Intel
i4i.2xlarge,ap-northeast-1,apne1-az4,3,5.0,10.0,1.5,0.805,0.2416,69,i4i,Storage,i,8.0,64.0,28985.5594,Intel(R) Xeon(R) Platinum 8375C CPU @ 2.90GHz,Intel(R) Xeon(R) Platinum 8375C CPU @ 2.90GHz,Intel
i4i.32xlarge,ap-northeast-1,apne1-az1,2,0.0,1.0,2.0,12.8832,4.3281,66,i4i,Storage,i,128.0,1024.0,28985.5594,Intel(R) Xeon(R) Platinum 8375C CPU @ 2.90GHz,Intel(R) Xeon(R) Platinum 8375C CPU @ 2.90GHz,Intel
i4i.32xlarge,ap-northeast-1,apne1-az2,2,0.0,1.0,2.0,12.8832,3.7822,70,i4i,Storage,i,128.0,1024.0,28985.5594,Intel(R) Xeon(R) Platinum 8375C CPU @ 2.90GHz,Intel(R) Xeon(R) Platinum 8375C CPU @ 2.90GHz,Intel
i4i.32xlarge,ap-northeast-1,apne1-az4,2,0.0,1.0,2.0,12.8832,3.9649,69,i4i,Storage,i,128.0,1024.0,28985.5594,Intel(R) Xeon(R) Platinum 8375C CPU @ 2.90GHz,Intel(R) Xeon(R) Platinum 8375C CPU @ 2.90GHz,Intel
i4i.4xlarge,ap-northeast-1,apne1-az1,3,1.0,5.0,1.0,1.61,0.4861,69,i4i,Storage,i,16.0,128.0,28985.5594,Intel(R) Xeon(R) Platinum 8375C CPU @ 2.90GHz,Intel(R) Xeon(R) Platinum 8375C CPU @ 2.90GHz,Intel
i4i.4xlarge,ap-northeast-1,apne1-az2,3,1.0,1.0,1.0,1.61,0.4902,69,i4i,Storage,i,16.0,128.0,28985.5594,Intel(R) Xeon(R) Platinum 8375C CPU @ 2.90GHz,Intel(R) Xeon(R) Platinum 8375C CPU @ 2.90GHz,Intel
i4i.4xlarge,ap-northeast-1,apne1-az4,3,5.0,5.0,1.0,1.61,0.5297,67,i4i,Storage,i,16.0,128.0,28985.5594,Intel(R) Xeon(R) Platinum 8375C CPU @ 2.90GHz,Intel(R) Xeon(R) Platinum 8375C CPU @ 2.90GHz,Intel
i4i.8xlarge,ap-northeast-1,apne1-az1,3,1.0,5.0,1.0,3.221,1.0543,67,i4i,Storage,i,32.0,256.0,28985.5594,Intel(R) Xeon(R) Platinum 8375C CPU @ 2.90GHz,Intel(R) Xeon(R) Platinum 8375C CPU @ 2.90GHz,Intel
i4i.8xlarge,ap-northeast-1,apne1-az2,3,1.0,5.0,1.0,3.221,0.9428,70,i4i,Storage,i,32.0,256.0,28985.5594,Intel(R) Xeon(R) Platinum 8375C CPU @ 2.90GHz,Intel(R) Xeon(R) Platinum 8375C CPU @ 2.90GHz,Intel
i4i.8xlarge,ap-northeast-1,apne1-az4,3,5.0,10.0,1.0,3.221,0.9749,69,i4i,Storage,i,32.0,256.0,28985.5594,Intel(R) Xeon(R) Platinum 8375C CPU @ 2.90GHz,Intel(R) Xeon(R) Platinum 8375C CPU @ 2.90GHz,Intel
i4i.large,ap-northeast-1,apne1-az1,3,50.0,50.0,3.0,0.201,0.0669,66,i4i,Storage,i,2.0,16.0,28985.5594,Intel(R) Xeon(R) Platinum 8375C CPU @ 2.90GHz,Intel(R) Xeon(R) Platinum 8375C CPU @ 2.90GHz,Intel
i4i.large,ap-northeast-1,apne1-az2,3,50.0,50.0,3.0,0.201,0.0605,69,i4i,Storage,i,2.0,16.0,28985.5594,Intel(R) Xeon(R) Platinum 8375C CPU @ 2.90GHz,Intel(R) Xeon(R) Platinum 8375C CPU @ 2.90GHz,Intel
i4i.large,ap-northeast-1,apne1-az4,3,50.0,50.0,3.0,0.201,0.0603,70,i4i,Storage,i,2.0,16.0,28985.5594,Intel(R) Xeon(R) Platinum 8375C CPU @ 2.90GHz,Intel(R) Xeon(R) Platinum 8375C CPU @ 2.90GHz,Intel
i4i.xlarge,ap-northeast-1,apne1-az1,3,45.0,50.0,2.5,0.403,0.1233,69,i4i,Storage,i,4.0,32.0,28985.5594,Intel(R) Xeon(R) Platinum 8375C CPU @ 2.90GHz,Intel(R) Xeon(R) Platinum 8375C CPU @ 2.90GHz,Intel
i4i.xlarge,ap-northeast-1,apne1-az2,3,20.0,25.0,2.5,0.403,0.1282,68,i4i,Storage,i,4.0,32.0,28985.5594,Intel(R) Xeon(R) Platinum 8375C CPU @ 2.90GHz,Intel(R) Xeon(R) Platinum 8375C CPU @ 2.90GHz,Intel
i4i.xlarge,ap-northeast-1,apne1-az4,3,30.0,45.0,2.5,0.403,0.1281,68,i4i,Storage,i,4.0,32.0,28985.5594,Intel(R) Xeon(R) Platinum 8375C CPU @ 2.90GHz,Intel(R) Xeon(R) Platinum 8375C CPU @ 2.90GHz,Intel
i7ie.12xlarge,ap-northeast-1,apne1-az1,1,0.0,0.0,2.0,7.3416,2.0491,72,i7ie,Storage,i,48.0,384.0,33642.43291,Intel Xeon Platinum 8559C,Intel Xeon Platinum 8559C,Intel
i7ie.12xlarge,ap-northeast-1,apne1-az2,1,0.0,0.0,2.0,7.3416,2.2865,68,i7ie,Storage,i,48.0,384.0,33642.43291,Intel Xeon Platinum 8559C,Intel Xeon Platinum 8559C,Intel
i7ie.12xlarge,ap-northeast-1,apne1-az4,1,0.0,0.0,2.0,7.3416,2.1348,70,i7ie,Storage,i,48.0,384.0,33642.43291,Intel Xeon Platinum 8559C,Intel Xeon Platinum 8559C,Intel
i7ie.18xlarge,ap-northeast-1,apne1-az1,1,0.0,0.0,2.0,11.0124,3.3636,69,i7ie,Storage,i,72.0,576.0,33717.5204,Intel Xeon Platinum 8559C,Intel Xeon Platinum 8559C,Intel
i7ie.18xlarge,ap-northeast-1,apne1-az2,1,0.0,0.0,2.0,11.0124,3.4952,68,i7ie,Storage,i,72.0,576.0,33717.5204,Intel Xeon Platinum 8559C,Intel Xeon Platinum 8559C,Intel
i7ie.18xlarge,ap-northeast-1,apne1-az4,2,0.0,1.0,2.0,11.0124,3.2749,70,i7ie,Storage,i,72.0,576.0,33717.5204,Intel Xeon Platinum 8559C,Intel Xeon Platinum 8559C,Intel
i7ie.24xlarge,ap-northeast-1,apne1-az1,2,0.0,1.0,1.5,14.6832,6.1294,58,i7ie,Storage,i,96.0,768.0,33594.30248,Intel Xeon Platinum 8559C,Intel Xeon Platinum 8559C,Intel
i7ie.24xlarge,ap-northeast-1,apne1-az2,1,0.0,0.0,1.5,14.6832,7.1886,51,i7ie,Storage,i,96.0,768.0,33594.30248,Intel Xeon Platinum 8559C,Intel Xeon Platinum 8559C,Intel
i7ie.24xlarge,ap-northeast-1,apne1-az4,1,0.0,0.0,1.5,14.6832,4.939,66,i7ie,Storage,i,96.0,768.0,33594.30248,Intel Xeon Platinum 8559C,Intel Xeon Platinum 8559C,Intel
i7ie.2xlarge,ap-northeast-1,apne1-az1,3,1.0,1.0,3.0,1.2236,0.3945,67,i7ie,Storage,i,8.0,64.0,33475.81081,Intel Xeon Platinum 8559C,Intel Xeon Platinum 8559C,Intel
i7ie.2xlarge,ap-northeast-1,apne1-az2,3,1.0,1.0,3.0,1.2236,0.3672,69,i7ie,Storage,i,8.0,64.0,33475.81081,Intel Xeon Platinum 8559C,Intel Xeon Platinum 8559C,Intel
i7ie.2xlarge,ap-northeast-1,apne1-az4,3,1.0,1.0,3.0,1.2236,0.3711,69,i7ie,Storage,i,8.0,64.0,33475.81081,Intel Xeon Platinum 8559C,Intel Xeon Platinum 8559C,Intel
i7ie.3xlarge,ap-northeast-1,apne1-az1,3,1.0,1.0,2.0,1.8354,0.5886,67,i7ie,Storage,i,12.0,96.0,33605.76912,Intel Xeon Platinum 8559C,Intel Xeon Platinum 8559C,Intel
i7ie.3xlarge,ap-northeast-1,apne1-az2,3,1.0,1.0,2.0,1.8354,0.5478,70,i7ie,Storage,i,12.0,96.0,33605.76912,Intel Xeon Platinum 8559C,Intel Xeon Platinum 8559C,Intel
i7ie.3xlarge,ap-northeast-1,apne1-az4,2,0.0,1.0,2.0,1.8354,0.5814,68,i7ie,Storage,i,12.0,96.0,33605.76912,Intel Xeon Platinum 8559C,Intel Xeon Platinum 8559C,Intel
i7ie.48xlarge,ap-northeast-1,apne1-az1,1,0.0,0.0,2.0,29.3664,9.1846,68,i7ie,Storage,i,192.0,1536.0,33587.98549,Intel Xeon Platinum 8559C,Intel Xeon Platinum 8559C,Intel
i7ie.48xlarge,ap-northeast-1,apne1-az2,1,0.0,0.0,2.0,29.3664,8.9115,69,i7ie,Storage,i,192.0,1536.0,33587.98549,Intel Xeon Platinum 8559C,Intel Xeon Platinum 8559C,Intel
i7ie.48xlarge,ap-northeast-1,apne1-az4,1,0.0,0.0,2.0,29.3664,9.2833,68,i7ie,Storage,i,192.0,1536.0,33587.98549,Intel Xeon Platinum 8559C,Intel Xeon Platinum 8559C,Intel
i7ie.6xlarge,ap-northeast-1,apne1-az1,3,1.0,1.0,2.0,3.6708,1.1045,69,i7ie,Storage,i,24.0,192.0,33610.766535799994,Intel Xeon Platinum 8559C,Intel Xeon Platinum 8559C,Intel
i7ie.6xlarge,ap-northeast-1,apne1-az2,3,1.0,1.0,2.0,3.6708,1.1369,69,i7ie,Storage,i,24.0,192.0,33610.766535799994,Intel Xeon Platinum 8559C,Intel Xeon Platinum 8559C,Intel
i7ie.6xlarge,ap-northeast-1,apne1-az4,3,5.0,5.0,2.0,3.6708,1.0959,70,i7ie,Storage,i,24.0,192.0,33610.766535799994,Intel Xeon Platinum 8559C,Intel Xeon Platinum 8559C,Intel
i7ie.large,ap-northeast-1,apne1-az1,3,1.0,5.0,2.0,0.3059,0.0926,69,i7ie,Storage,i,2.0,16.0,33437.67795,Intel Xeon Platinum 8559C,Intel Xeon Platinum 8559C,Intel
i7ie.large,ap-northeast-1,apne1-az2,3,1.0,5.0,2.0,0.3059,0.0927,69,i7ie,Storage,i,2.0,16.0,33437.67795,Intel Xeon Platinum 8559C,Intel Xeon Platinum 8559C,Intel
i7ie.large,ap-northeast-1,apne1-az4,2,0.0,1.0,2.0,0.3059,0.0941,69,i7ie,Storage,i,2.0,16.0,33437.67795,Intel Xeon Platinum 8559C,Intel Xeon Platinum 8559C,Intel
i7ie.metal-24xl,ap-northeast-1,apne1-az1,1,0.0,0.0,1.5,14.6832,4.3434,70,i7ie,Storage,i,96.0,768.0,34477.30511,,,Intel
i7ie.metal-24xl,ap-northeast-1,apne1-az2,1,0.0,0.0,1.5,14.6832,4.4884,69,i7ie,Storage,i,96.0,768.0,34477.30511,,,Intel
i7ie.metal-24xl,ap-northeast-1,apne1-az4,1,0.0,0.0,1.5,14.6832,4.311,70,i7ie,Storage,i,96.0,768.0,34477.30511,,,Intel
i7ie.metal-48xl,ap-northeast-1,apne1-az1,1,0.0,0.0,2.5,29.3664,9.3667,68,i7ie,Storage,i,192.0,1536.0,34474.20638,,,Intel
i7ie.metal-48xl,ap-northeast-1,apne1-az2,1,0.0,0.0,2.5,29.3664,9.1441,68,i7ie,Storage,i,192.0,1536.0,34474.20638,,,Intel
i7ie.metal-48xl,ap-northeast-1,apne1-az4,1,0.0,0.0,2.5,29.3664,9.0357,69,i7ie,Storage,i,192.0,1536.0,34474.20638,,,Intel
i7ie.xlarge,ap-northeast-1,apne1-az1,3,1.0,1.0,1.5,0.6118,0.1919,68,i7ie,Storage,i,4.0,32.0,34025.691704000004,Intel Xeon Platinum 8559C,Intel Xeon Platinum 8559C,Intel
i7ie.xlarge,ap-northeast-1,apne1-az2,3,1.0,1.0,1.5,0.6118,0.189,69,i7ie,Storage,i,4.0,32.0,34025.691704000004,Intel Xeon Platinum 8559C,Intel Xeon Platinum 8559C,Intel
i7ie.xlarge,ap-northeast-1,apne1-az4,3,1.0,5.0,1.5,0.6118,0.1802,70,i7ie,Storage,i,4.0,32.0,34025.691704000004,Intel Xeon Platinum 8559C,Intel Xeon Platinum 8559C,Intel
im4gn.16xlarge,ap-northeast-1,apne1-az1,1,0.0,0.0,2.0,6.8281,6.8281,0,im4gn,Storage,im,64.0,256.0,19336.1335,AWS Graviton2 Processor,Neoverse-N1,AWS
im4gn.16xlarge,ap-northeast-1,apne1-az2,3,1.0,1.0,2.0,6.8281,2.0979,69,im4gn,Storage,im,64.0,256.0,19336.1335,AWS Graviton2 Processor,Neoverse-N1,AWS
im4gn.16xlarge,ap-northeast-1,apne1-az4,1,0.0,0.0,2.0,6.8281,2.3906,64,im4gn,Storage,im,64.0,256.0,19336.1335,AWS Graviton2 Processor,Neoverse-N1,AWS
im4gn.2xlarge,ap-northeast-1,apne1-az1,1,0.0,0.0,1.5,0.85351,0.2438,71,im4gn,Storage,im,8.0,32.0,19336.1335,AWS Graviton2 Processor,Neoverse-N1,AWS
im4gn.2xlarge,ap-northeast-1,apne1-az2,3,10.0,20.0,1.5,0.85351,0.2517,70,im4gn,Storage,im,8.0,32.0,19336.1335,AWS Graviton2 Processor,Neoverse-N1,AWS
im4gn.2xlarge,ap-northeast-1,apne1-az4,2,0.0,1.0,1.5,0.85351,0.2574,69,im4gn,Storage,im,8.0,32.0,19336.1335,AWS Graviton2 Processor,Neoverse-N1,AWS
im4gn.4xlarge,ap-northeast-1,apne1-az1,1,0.0,0.0,2.5,1.70702,0.5267,69,im4gn,Storage,im,16.0,64.0,19336.1335,AWS Graviton2 Processor,Neoverse-N1,AWS
im4gn.4xlarge,ap-northeast-1,apne1-az2,3,1.0,5.0,2.5,1.70702,0.5078,70,im4gn,Storage,im,16.0,64.0,19336.1335,AWS Graviton2 Processor,Neoverse-N1,AWS
im4gn.4xlarge,ap-northeast-1,apne1-az4,1,0.0,0.0,2.5,1.70702,0.4919,71,im4gn,Storage,im,16.0,64.0,19336.1335,AWS Graviton2 Processor,Neoverse-N1,AWS
im4gn.8xlarge,ap-northeast-1,apne1-az1,3,1.0,1.0,2.5,3.41405,1.0256,69,im4gn,Storage,im,32.0,128.0,19336.1335,AWS Graviton2 Processor,Neoverse-N1,AWS
im4gn.8xlarge,ap-northeast-1,apne1-az2,3,5.0,10.0,2.5,3.41405,1.003,70,im4gn,Storage,im,32.0,128.0,19336.1335,AWS Graviton2 Processor,Neoverse-N1,AWS
im4gn.8xlarge,ap-northeast-1,apne1-az4,3,5.0,5.0,2.5,3.41405,1.0583,69,im4gn,Storage,im,32.0,128.0,19336.1335,AWS Graviton2 Processor,Neoverse-N1,AWS
im4gn.large,ap-northeast-1,apne1-az1,3,5.0,5.0,2.5,0.21338,0.0623,70,im4gn,Storage,im,2.0,8.0,19336.1335,AWS Graviton2 Processor,Neoverse-N1,AWS
im4gn.large,ap-northeast-1,apne1-az2,3,35.0,50.0,2.5,0.21338,0.064,70,im4gn,Storage,im,2.0,8.0,19336.1335,AWS Graviton2 Processor,Neoverse-N1,AWS
im4gn.large,ap-northeast-1,apne1-az4,3,5.0,10.0,2.5,0.21338,0.0646,69,im4gn,Storage,im,2.0,8.0,19336.1335,AWS Graviton2 Processor,Neoverse-N1,AWS
im4gn.xlarge,ap-northeast-1,apne1-az1,3,1.0,1.0,1.5,0.42676,0.1424,66,im4gn,Storage,im,4.0,16.0,19336.1335,AWS Graviton2 Processor,Neoverse-N1,AWS
im4gn.xlarge,ap-northeast-1,apne1-az2,3,15.0,25.0,1.5,0.42676,0.1282,69,im4gn,Storage,im,4.0,16.0,19336.1335,AWS Graviton2 Processor,Neoverse-N1,AWS
im4gn.xlarge,ap-northeast-1,apne1-az4,3,5.0,10.0,1.5,0.42676,0.1291,69,im4gn,Storage,im,4.0,16.0,19336.1335,AWS Graviton2 Processor,Neoverse-N1,AWS
inf1.24xlarge,ap-northeast-1,apne1-az1,3,1.0,1.0,1.0,6.376,1.758,72,inf1,AC,inf,96.0,192.0,28252.2637,Intel(R) Xeon(R) Platinum 8275CL CPU @ 3.00GHz,Intel(R) Xeon(R) Platinum 8275CL CPU @ 3.00GHz,Intel
inf1.24xlarge,ap-northeast-1,apne1-az2,3,1.0,1.0,1.0,6.376,1.8486,71,inf1,AC,inf,96.0,192.0,28252.2637,Intel(R) Xeon(R) Platinum 8275CL CPU @ 3.00GHz,Intel(R) Xeon(R) Platinum 8275CL CPU @ 3.00GHz,Intel
inf1.24xlarge,ap-northeast-1,apne1-az4,1,0.0,0.0,1.0,6.376,2.685,57,inf1,AC,inf,96.0,192.0,28252.2637,Intel(R) Xeon(R) Platinum 8275CL CPU @ 3.00GHz,Intel(R) Xeon(R) Platinum 8275CL CPU @ 3.00GHz,Intel
inf1.2xlarge,ap-northeast-1,apne1-az1,3,1.0,1.0,1.0,0.489,0.144,70,inf1,AC,inf,8.0,16.0,28252.2637,Intel(R) Xeon(R) Platinum 8275CL CPU @ 3.00GHz,Intel(R) Xeon(R) Platinum 8275CL CPU @ 3.00GHz,Intel
inf1.2xlarge,ap-northeast-1,apne1-az2,3,1.0,5.0,1.0,0.489,0.1481,69,inf1,AC,inf,8.0,16.0,28252.2637,Intel(R) Xeon(R) Platinum 8275CL CPU @ 3.00GHz,Intel(R) Xeon(R) Platinum 8275CL CPU @ 3.00GHz,Intel
inf1.2xlarge,ap-northeast-1,apne1-az4,3,1.0,1.0,1.0,0.489,0.1512,69,inf1,AC,inf,8.0,16.0,28252.2637,Intel(R) Xeon(R) Platinum 8275CL CPU @ 3.00GHz,Intel(R) Xeon(R) Platinum 8275CL CPU @ 3.00GHz,Intel
inf1.6xlarge,ap-northeast-1,apne1-az1,3,1.0,5.0,1.0,1.594,0.4941,69,inf1,AC,inf,24.0,48.0,28252.2637,Intel(R) Xeon(R) Platinum 8275CL CPU @ 3.00GHz,Intel(R) Xeon(R) Platinum 8275CL CPU @ 3.00GHz,Intel
inf1.6xlarge,ap-northeast-1,apne1-az2,3,1.0,1.0,1.0,1.594,0.4779,70,inf1,AC,inf,24.0,48.0,28252.2637,Intel(R) Xeon(R) Platinum 8275CL CPU @ 3.00GHz,Intel(R) Xeon(R) Platinum 8275CL CPU @ 3.00GHz,Intel
inf1.6xlarge,ap-northeast-1,apne1-az4,3,1.0,1.0,1.0,1.594,0.4731,70,inf1,AC,inf,24.0,48.0,28252.2637,Intel(R) Xeon(R) Platinum 8275CL CPU @ 3.00GHz,Intel(R) Xeon(R) Platinum 8275CL CPU @ 3.00GHz,Intel
inf1.xlarge,ap-northeast-1,apne1-az1,3,1.0,5.0,1.0,0.308,0.0935,69,inf1,AC,inf,4.0,8.0,28252.2637,Intel(R) Xeon(R) Platinum 8275CL CPU @ 3.00GHz,Intel(R) Xeon(R) Platinum 8275CL CPU @ 3.00GHz,Intel
inf1.xlarge,ap-northeast-1,apne1-az2,3,1.0,5.0,1.0,0.308,0.0891,71,inf1,AC,inf,4.0,8.0,28252.2637,Intel(R) Xeon(R) Platinum 8275CL CPU @ 3.00GHz,Intel(R) Xeon(R) Platinum 8275CL CPU @ 3.00GHz,Intel
inf1.xlarge,ap-northeast-1,apne1-az4,3,1.0,1.0,1.0,0.308,0.0971,68,inf1,AC,inf,4.0,8.0,28252.2637,Intel(R) Xeon(R) Platinum 8275CL CPU @ 3.00GHz,Intel(R) Xeon(R) Platinum 8275CL CPU @ 3.00GHz,Intel
inf2.24xlarge,ap-northeast-1,apne1-az1,1,0.0,0.0,3.0,9.73595,8.4694,13,inf2,AC,inf,96.0,384.0,33539.1601,AMD EPYC 7R13 Processor,AMD EPYC 7R13,AuthenticAMD
inf2.24xlarge,ap-northeast-1,apne1-az4,1,0.0,0.0,3.0,9.73595,8.5796,11,inf2,AC,inf,96.0,384.0,33539.1601,AMD EPYC 7R13 Processor,AMD EPYC 7R13,AuthenticAMD
inf2.48xlarge,ap-northeast-1,apne1-az1,1,0.0,0.0,3.0,19.4719,16.6674,14,inf2,AC,inf,192.0,768.0,33539.1601,AMD EPYC 7R13 Processor,AMD EPYC 7R13,AuthenticAMD
inf2.48xlarge,ap-northeast-1,apne1-az4,1,0.0,0.0,3.0,19.4719,13.428,31,inf2,AC,inf,192.0,768.0,33539.1601,AMD EPYC 7R13 Processor,AMD EPYC 7R13,AuthenticAMD
inf2.8xlarge,ap-northeast-1,apne1-az1,1,0.0,0.0,1.0,2.95179,2.1714,26,inf2,AC,inf,32.0,128.0,33539.1601,AMD EPYC 7R13 Processor,AMD EPYC 7R13,AuthenticAMD
inf2.8xlarge,ap-northeast-1,apne1-az4,1,0.0,0.0,1.0,2.95179,2.3461,20,inf2,AC,inf,32.0,128.0,33539.1601,AMD EPYC 7R13 Processor,AMD EPYC 7R13,AuthenticAMD
inf2.xlarge,ap-northeast-1,apne1-az1,3,5.0,10.0,2.0,1.1373,0.3434,69,inf2,AC,inf,4.0,16.0,33539.1601,AMD EPYC 7R13 Processor,AMD EPYC 7R13,AuthenticAMD
inf2.xlarge,ap-northeast-1,apne1-az4,3,1.0,5.0,2.0,1.1373,0.3312,70,inf2,AC,inf,4.0,16.0,33539.1601,AMD EPYC 7R13 Processor,AMD EPYC 7R13,AuthenticAMD
is4gen.2xlarge,ap-northeast-1,apne1-az1,3,1.0,1.0,3.0,1.3566,0.4211,68,is4gen,Storage,is,8.0,48.0,19336.1335,AWS Graviton2 Processor,Neoverse-N1,AWS
is4gen.2xlarge,ap-northeast-1,apne1-az2,3,1.0,5.0,3.0,1.3566,0.3788,72,is4gen,Storage,is,8.0,48.0,19336.1335,AWS Graviton2 Processor,Neoverse-N1,AWS
is4gen.2xlarge,ap-northeast-1,apne1-az4,3,1.0,1.0,3.0,1.3566,0.4422,67,is4gen,Storage,is,8.0,48.0,19336.1335,AWS Graviton2 Processor,Neoverse-N1,AWS
is4gen.4xlarge,ap-northeast-1,apne1-az1,1,0.0,0.0,3.0,2.7132,0.7977,70,is4gen,Storage,is,16.0,96.0,19336.1335,AWS Graviton2 Processor,Neoverse-N1,AWS
is4gen.4xlarge,ap-northeast-1,apne1-az2,3,1.0,1.0,3.0,2.7132,0.8034,70,is4gen,Storage,is,16.0,96.0,19336.1335,AWS Graviton2 Processor,Neoverse-N1,AWS
is4gen.4xlarge,ap-northeast-1,apne1-az4,3,1.0,1.0,3.0,2.7132,0.8589,68,is4gen,Storage,is,16.0,96.0,19336.1335,AWS Graviton2 Processor,Neoverse-N1,AWS
is4gen.8xlarge,ap-northeast-1,apne1-az1,1,0.0,0.0,3.0,5.4264,1.7042,68,is4gen,Storage,is,32.0,192.0,19336.1335,AWS Graviton2 Processor,Neoverse-N1,AWS
is4gen.8xlarge,ap-northeast-1,apne1-az2,3,10.0,15.0,3.0,5.4264,1.7015,68,is4gen,Storage,is,32.0,192.0,19336.1335,AWS Graviton2 Processor,Neoverse-N1,AWS
is4gen.8xlarge,ap-northeast-1,apne1-az4,2,0.0,1.0,3.0,5.4264,1.7617,67,is4gen,Storage,is,32.0,192.0,19336.1335,AWS Graviton2 Processor,Neoverse-N1,AWS
is4gen.large,ap-northeast-1,apne1-az1,3,1.0,5.0,2.5,0.33915,0.1012,70,is4gen,Storage,is,2.0,12.0,19336.1335,AWS Graviton2 Processor,Neoverse-N1,AWS
is4gen.large,ap-northeast-1,apne1-az2,3,15.0,20.0,2.5,0.33915,0.1018,69,is4gen,Storage,is,2.0,12.0,19336.1335,AWS Graviton2 Processor,Neoverse-N1,AWS
is4gen.large,ap-northeast-1,apne1-az4,3,1.0,1.0,2.5,0.33915,0.2193,35,is4gen,Storage,is,2.0,12.0,19336.1335,AWS Graviton2 Processor,Neoverse-N1,AWS
is4gen.medium,ap-northeast-1,apne1-az1,1,0.0,0.0,2.5,0.16958,0.0527,68,is4gen,Storage,is,1.0,6.0,19336.1335,AWS Graviton2 Processor,Neoverse-N1,AWS
is4gen.medium,ap-northeast-1,apne1-az2,3,30.0,45.0,2.5,0.16958,0.0526,68,is4gen,Storage,is,1.0,6.0,19336.1335,AWS Graviton2 Processor,Neoverse-N1,AWS
is4gen.medium,ap-northeast-1,apne1-az4,3,5.0,5.0,2.5,0.16958,0.0495,70,is4gen,Storage,is,1.0,6.0,19336.1335,AWS Graviton2 Processor,Neoverse-N1,AWS
is4gen.xlarge,ap-northeast-1,apne1-az1,3,1.0,1.0,2.5,0.6783,0.2037,69,is4gen,Storage,is,4.0,24.0,19336.1335,AWS Graviton2 Processor,Neoverse-N1,AWS
is4gen.xlarge,ap-northeast-1,apne1-az2,3,5.0,10.0,2.5,0.6783,0.2001,70,is4gen,Storage,is,4.0,24.0,19336.1335,AWS Graviton2 Processor,Neoverse-N1,AWS
is4gen.xlarge,ap-northeast-1,apne1-az4,3,10.0,20.0,2.5,0.6783,0.2068,69,is4gen,Storage,is,4.0,24.0,19336.1335,AWS Graviton2 Processor,Neoverse-N1,AWS
m5.12xlarge,ap-northeast-1,apne1-az1,3,5.0,5.0,1.0,2.976,0.9264,68,m5,General,m,48.0,192.0,23311.874026,Intel(R) Xeon(R) Platinum 8259CL CPU @ 2.50GHz,Intel(R) Xeon(R) Platinum 8259CL CPU @ 2.50GHz,Intel
m5.12xlarge,ap-northeast-1,apne1-az2,3,1.0,1.0,1.0,2.976,0.8105,72,m5,General,m,48.0,192.0,23311.874026,Intel(R) Xeon(R) Platinum 8259CL CPU @ 2.50GHz,Intel(R) Xeon(R) Platinum 8259CL CPU @ 2.50GHz,Intel
m5.12xlarge,ap-northeast-1,apne1-az4,3,10.0,15.0,1.0,2.976,0.9465,68,m5,General,m,48.0,192.0,23311.874026,Intel(R) Xeon(R) Platinum 8259CL CPU @ 2.50GHz,Intel(R) Xeon(R) Platinum 8259CL CPU @ 2.50GHz,Intel
m5.16xlarge,ap-northeast-1,apne1-az1,3,1.0,1.0,1.0,3.968,1.1111,71,m5,General,m,64.0,256.0,21558.32553,Intel(R) Xeon(R) Platinum 8175M CPU @ 2.50GHz,Intel(R) Xeon(R) Platinum 8175M CPU @ 2.50GHz,Intel
m5.16xlarge,ap-northeast-1,apne1-az2,3,1.0,1.0,1.0,3.968,1.149,71,m5,General,m,64.0,256.0,21558.32553,Intel(R) Xeon(R) Platinum 8175M CPU @ 2.50GHz,Intel(R) Xeon(R) Platinum 8175M CPU @ 2.50GHz,Intel
m5.16xlarge,ap-northeast-1,apne1-az4,3,5.0,10.0,1.0,3.968,1.1838,70,m5,General,m,64.0,256.0,21558.32553,Intel(R) Xeon(R) Platinum 8175M CPU @ 2.50GHz,Intel(R) Xeon(R) Platinum 8175M CPU @ 2.50GHz,Intel
m5.24xlarge,ap-northeast-1,apne1-az1,3,1.0,1.0,1.0,5.952,1.8626,68,m5,General,m,96.0,384.0,25031.0445634,Intel(R) Xeon(R) Platinum 8259CL CPU @ 2.50GHz,Intel(R) Xeon(R) Platinum 8259CL CPU @ 2.50GHz,Intel
m5.24xlarge,ap-northeast-1,apne1-az2,1,0.0,0.0,1.0,5.952,1.8734,68,m5,General,m,96.0,384.0,25031.0445634,Intel(R) Xeon(R) Platinum 8259CL CPU @ 2.50GHz,Intel(R) Xeon(R) Platinum 8259CL CPU @ 2.50GHz,Intel
m5.24xlarge,ap-northeast-1,apne1-az4,1,0.0,0.0,1.0,5.952,1.889,68,m5,General,m,96.0,384.0,25031.0445634,Intel(R) Xeon(R) Platinum 8259CL CPU @ 2.50GHz,Intel(R) Xeon(R) Platinum 8259CL CPU @ 2.50GHz,Intel
m5.2xlarge,ap-northeast-1,apne1-az1,3,50.0,50.0,1.0,0.496,0.1539,68,m5,General,m,8.0,32.0,21529.19497,Intel(R) Xeon(R) Platinum 8175M CPU @ 2.50GHz,Intel(R) Xeon(R) Platinum 8175M CPU @ 2.50GHz,Intel
m5.2xlarge,ap-northeast-1,apne1-az2,3,35.0,50.0,1.0,0.496,0.1853,62,m5,General,m,8.0,32.0,21529.19497,Intel(R) Xeon(R) Platinum 8175M CPU @ 2.50GHz,Intel(R) Xeon(R) Platinum 8175M CPU @ 2.50GHz,Intel
m5.2xlarge,ap-northeast-1,apne1-az4,3,50.0,50.0,1.0,0.496,0.1595,67,m5,General,m,8.0,32.0,21529.19497,Intel(R) Xeon(R) Platinum 8175M CPU @ 2.50GHz,Intel(R) Xeon(R) Platinum 8175M CPU @ 2.50GHz,Intel
m5.4xlarge,ap-northeast-1,apne1-az1,3,50.0,50.0,1.0,0.992,0.3249,67,m5,General,m,16.0,64.0,22261.6066,Intel(R) Xeon(R) Platinum 8259CL CPU @ 2.50GHz,Intel(R) Xeon(R) Platinum 8259CL CPU @ 2.50GHz,Intel
m5.4xlarge,ap-northeast-1,apne1-az2,3,10.0,15.0,1.0,0.992,0.3556,64,m5,General,m,16.0,64.0,22261.6066,Intel(R) Xeon(R) Platinum 8259CL CPU @ 2.50GHz,Intel(R) Xeon(R) Platinum 8259CL CPU @ 2.50GHz,Intel
m5.4xlarge,ap-northeast-1,apne1-az4,3,50.0,50.0,1.0,0.992,0.317,68,m5,General,m,16.0,64.0,22261.6066,Intel(R) Xeon(R) Platinum 8259CL CPU @ 2.50GHz,Intel(R) Xeon(R) Platinum 8259CL CPU @ 2.50GHz,Intel
m5.8xlarge,ap-northeast-1,apne1-az1,3,35.0,50.0,1.0,1.984,0.5446,72,m5,General,m,32.0,128.0,21539.21191,Intel(R) Xeon(R) Platinum 8259CL CPU @ 2.50GHz,Intel(R) Xeon(R) Platinum 8259CL CPU @ 2.50GHz,Intel
m5.8xlarge,ap-northeast-1,apne1-az2,3,10.0,15.0,1.0,1.984,0.5757,70,m5,General,m,32.0,128.0,21539.21191,Intel(R) Xeon(R) Platinum 8259CL CPU @ 2.50GHz,Intel(R) Xeon(R) Platinum 8259CL CPU @ 2.50GHz,Intel
m5.8xlarge,ap-northeast-1,apne1-az4,3,40.0,50.0,1.0,1.984,0.6066,69,m5,General,m,32.0,128.0,21539.21191,Intel(R) Xeon(R) Platinum 8259CL CPU @ 2.50GHz,Intel(R) Xeon(R) Platinum 8259CL CPU @ 2.50GHz,Intel
m5.large,ap-northeast-1,apne1-az1,3,50.0,50.0,1.0,0.124,0.04,67,m5,General,m,2.0,8.0,21487.91459,Intel(R) Xeon(R) Platinum 8175M CPU @ 2.50GHz,Intel(R) Xeon(R) Platinum 8175M CPU @ 2.50GHz,Intel
m5.large,ap-northeast-1,apne1-az2,3,50.0,50.0,1.0,0.124,0.039,68,m5,General,m,2.0,8.0,21487.91459,Intel(R) Xeon(R) Platinum 8175M CPU @ 2.50GHz,Intel(R) Xeon(R) Platinum 8175M CPU @ 2.50GHz,Intel
m5.large,ap-northeast-1,apne1-az4,3,50.0,50.0,1.0,0.124,0.0391,68,m5,General,m,2.0,8.0,21487.91459,Intel(R) Xeon(R) Platinum 8175M CPU @ 2.50GHz,Intel(R) Xeon(R) Platinum 8175M CPU @ 2.50GHz,Intel
m5.xlarge,ap-northeast-1,apne1-az1,3,50.0,50.0,1.0,0.248,0.0758,69,m5,General,m,4.0,16.0,21534.0399352,Intel(R) Xeon(R) Platinum 8259CL CPU @ 2.50GHz,Intel(R) Xeon(R) Platinum 8259CL CPU @ 2.50GHz,Intel
m5.xlarge,ap-northeast-1,apne1-az2,3,50.0,50.0,1.0,0.248,0.0815,67,m5,General,m,4.0,16.0,21534.0399352,Intel(R) Xeon(R) Platinum 8259CL CPU @ 2.50GHz,Intel(R) Xeon(R) Platinum 8259CL CPU @ 2.50GHz,Intel
m5.xlarge,ap-northeast-1,apne1-az4,3,50.0,50.0,1.0,0.248,0.0739,70,m5,General,m,4.0,16.0,21534.0399352,Intel(R) Xeon(R) Platinum 8259CL CPU @ 2.50GHz,Intel(R) Xeon(R) Platinum 8259CL CPU @ 2.50GHz,Intel
m5a.12xlarge,ap-northeast-1,apne1-az1,3,1.0,1.0,2.0,2.688,1.3951,48,m5a,General,m,48.0,192.0,17001.2902464,AMD EPYC 7571,AMD EPYC 7571,AuthenticAMD
m5a.12xlarge,ap-northeast-1,apne1-az2,1,0.0,0.0,2.0,2.688,0.9299,65,m5a,General,m,48.0,192.0,17001.2902464,AMD EPYC 7571,AMD EPYC 7571,AuthenticAMD
m5a.12xlarge,ap-northeast-1,apne1-az4,2,0.0,1.0,2.0,2.688,0.9168,65,m5a,General,m,48.0,192.0,17001.2902464,AMD EPYC 7571,AMD EPYC 7571,AuthenticAMD
m5a.16xlarge,ap-northeast-1,apne1-az1,3,1.0,1.0,2.0,3.584,1.5001,58,m5a,General,m,64.0,256.0,17008.674469999998,AMD EPYC 7571,AMD EPYC 7571,AuthenticAMD
m5a.16xlarge,ap-northeast-1,apne1-az2,1,0.0,0.0,2.0,3.584,1.152,67,m5a,General,m,64.0,256.0,17008.674469999998,AMD EPYC 7571,AMD EPYC 7571,AuthenticAMD
m5a.16xlarge,ap-northeast-1,apne1-az4,1,0.0,0.0,2.0,3.584,1.1802,67,m5a,General,m,64.0,256.0,17008.674469999998,AMD EPYC 7571,AMD EPYC 7571,AuthenticAMD
m5a.24xlarge,ap-northeast-1,apne1-az1,3,5.0,10.0,2.5,5.376,1.5596,70,m5a,General,m,96.0,384.0,16996.180620000003,AMD EPYC 7571,AMD EPYC 7571,AuthenticAMD
m5a.24xlarge,ap-northeast-1,apne1-az2,2,0.0,1.0,2.5,5.376,1.579,70,m5a,General,m,96.0,384.0,16996.180620000003,AMD EPYC 7571,AMD EPYC 7571,AuthenticAMD
m5a.24xlarge,ap-northeast-1,apne1-az4,3,1.0,1.0,2.5,5.376,1.6237,69,m5a,General,m,96.0,384.0,16996.180620000003,AMD EPYC 7571,AMD EPYC 7571,AuthenticAMD
m5a.2xlarge,ap-northeast-1,apne1-az1,3,15.0,25.0,3.0,0.448,0.2308,48,m5a,General,m,8.0,32.0,17008.0334594,AMD EPYC 7571,AMD EPYC 7571,AuthenticAMD
m5a.2xlarge,ap-northeast-1,apne1-az2,3,5.0,5.0,3.0,0.448,0.1827,59,m5a,General,m,8.0,32.0,17008.0334594,AMD EPYC 7571,AMD EPYC 7571,AuthenticAMD
m5a.2xlarge,ap-northeast-1,apne1-az4,3,20.0,35.0,3.0,0.448,0.1767,60,m5a,General,m,8.0,32.0,17008.0334594,AMD EPYC 7571,AMD EPYC 7571,AuthenticAMD
m5a.4xlarge,ap-northeast-1,apne1-az1,3,5.0,10.0,1.5,0.896,0.3733,58,m5a,General,m,16.0,64.0,16992.7742506,AMD EPYC 7571,AMD EPYC 7571,AuthenticAMD
m5a.4xlarge,ap-northeast-1,apne1-az2,3,10.0,15.0,1.5,0.896,0.377,57,m5a,General,m,16.0,64.0,16992.7742506,AMD EPYC 7571,AMD EPYC 7571,AuthenticAMD
m5a.4xlarge,ap-northeast-1,apne1-az4,3,5.0,10.0,1.5,0.896,0.3119,65,m5a,General,m,16.0,64.0,16992.7742506,AMD EPYC 7571,AMD EPYC 7571,AuthenticAMD
m5a.8xlarge,ap-northeast-1,apne1-az1,3,1.0,1.0,3.0,1.792,0.8419,53,m5a,General,m,32.0,128.0,16986.5410094,AMD EPYC 7571,AMD EPYC 7571,AuthenticAMD
m5a.8xlarge,ap-northeast-1,apne1-az2,3,5.0,5.0,3.0,1.792,0.7963,55,m5a,General,m,32.0,128.0,16986.5410094,AMD EPYC 7571,AMD EPYC 7571,AuthenticAMD
m5a.8xlarge,ap-northeast-1,apne1-az4,3,1.0,5.0,3.0,1.792,0.8093,54,m5a,General,m,32.0,128.0,16986.5410094,AMD EPYC 7571,AMD EPYC 7571,AuthenticAMD
m5a.large,ap-northeast-1,apne1-az1,3,50.0,50.0,3.0,0.112,0.0495,55,m5a,General,m,2.0,8.0,16991.2263714,AMD EPYC 7571,AMD EPYC 7571,AuthenticAMD
m5a.large,ap-northeast-1,apne1-az2,3,30.0,50.0,3.0,0.112,0.047,58,m5a,General,m,2.0,8.0,16991.2263714,AMD EPYC 7571,AMD EPYC 7571,AuthenticAMD
m5a.large,ap-northeast-1,apne1-az4,3,50.0,50.0,3.0,0.112,0.0387,65,m5a,General,m,2.0,8.0,16991.2263714,AMD EPYC 7571,AMD EPYC 7571,AuthenticAMD
m5a.xlarge,ap-northeast-1,apne1-az1,3,50.0,50.0,2.5,0.224,0.1101,50,m5a,General,m,4.0,16.0,16997.3469222,AMD EPYC 7571,AMD EPYC 7571,AuthenticAMD
m5a.xlarge,ap-northeast-1,apne1-az2,3,15.0,20.0,2.5,0.224,0.0924,58,m5a,General,m,4.0,16.0,16997.3469222,AMD EPYC 7571,AMD EPYC 7571,AuthenticAMD
m5a.xlarge,ap-northeast-1,apne1-az4,3,50.0,50.0,2.5,0.224,0.0883,60,m5a,General,m,4.0,16.0,16997.3469222,AMD EPYC 7571,AMD EPYC 7571,AuthenticAMD
m5ad.12xlarge,ap-northeast-1,apne1-az1,3,1.0,1.0,2.5,3.216,1.1372,64,m5ad,General,m,48.0,192.0,16979.7236,AMD EPYC 7571,AMD EPYC 7571,AuthenticAMD
m5ad.12xlarge,ap-northeast-1,apne1-az2,3,1.0,1.0,2.5,3.216,1.2968,59,m5ad,General,m,48.0,192.0,16979.7236,AMD EPYC 7571,AMD EPYC 7571,AuthenticAMD
m5ad.12xlarge,ap-northeast-1,apne1-az4,2,0.0,1.0,2.5,3.216,1.0891,66,m5ad,General,m,48.0,192.0,16979.7236,AMD EPYC 7571,AMD EPYC 7571,AuthenticAMD
m5ad.16xlarge,ap-northeast-1,apne1-az1,3,1.0,1.0,2.0,4.288,1.2531,70,m5ad,General,m,64.0,256.0,17007.8717,AMD EPYC 7571,AMD EPYC 7571,AuthenticAMD
m5ad.16xlarge,ap-northeast-1,apne1-az2,3,1.0,1.0,2.0,4.288,1.165,72,m5ad,General,m,64.0,256.0,17007.8717,AMD EPYC 7571,AMD EPYC 7571,AuthenticAMD
m5ad.16xlarge,ap-northeast-1,apne1-az4,2,0.0,1.0,2.0,4.288,1.4882,65,m5ad,General,m,64.0,256.0,17007.8717,AMD EPYC 7571,AMD EPYC 7571,AuthenticAMD
m5ad.24xlarge,ap-northeast-1,apne1-az1,3,1.0,1.0,2.0,6.432,1.8847,70,m5ad,General,m,96.0,384.0,17006.6599,AMD EPYC 7571,AMD EPYC 7571,AuthenticAMD
m5ad.24xlarge,ap-northeast-1,apne1-az2,3,1.0,1.0,2.0,6.432,1.9714,69,m5ad,General,m,96.0,384.0,17006.6599,AMD EPYC 7571,AMD EPYC 7571,AuthenticAMD
m5ad.24xlarge,ap-northeast-1,apne1-az4,3,1.0,1.0,2.0,6.432,1.7729,72,m5ad,General,m,96.0,384.0,17006.6599,AMD EPYC 7571,AMD EPYC 7571,AuthenticAMD
m5ad.2xlarge,ap-northeast-1,apne1-az1,3,1.0,5.0,2.5,0.536,0.2175,59,m5ad,General,m,8.0,32.0,16995.203,AMD EPYC 7571,AMD EPYC 7571,AuthenticAMD
m5ad.2xlarge,ap-northeast-1,apne1-az2,3,1.0,1.0,2.5,0.536,0.2459,54,m5ad,General,m,8.0,32.0,16995.203,AMD EPYC 7571,AMD EPYC 7571,AuthenticAMD
m5ad.2xlarge,ap-northeast-1,apne1-az4,3,1.0,1.0,2.5,0.536,0.2609,51,m5ad,General,m,8.0,32.0,16995.203,AMD EPYC 7571,AMD EPYC 7571,AuthenticAMD
m5ad.4xlarge,ap-northeast-1,apne1-az1,3,5.0,10.0,3.0,1.072,0.3851,64,m5ad,General,m,16.0,64.0,16995.7808,AMD EPYC 7571,AMD EPYC 7571,AuthenticAMD
m5ad.4xlarge,ap-northeast-1,apne1-az2,3,1.0,1.0,3.0,1.072,0.5072,52,m5ad,General,m,16.0,64.0,16995.7808,AMD EPYC 7571,AMD EPYC 7571,AuthenticAMD
m5ad.4xlarge,ap-northeast-1,apne1-az4,2,0.0,1.0,3.0,1.072,0.4018,62,m5ad,General,m,16.0,64.0,16995.7808,AMD EPYC 7571,AMD EPYC 7571,AuthenticAMD
m5ad.8xlarge,ap-northeast-1,apne1-az1,3,1.0,1.0,2.5,2.144,0.7664,64,m5ad,General,m,32.0,128.0,16988.4346,AMD EPYC 7571,AMD EPYC 7571,AuthenticAMD
m5ad.8xlarge,ap-northeast-1,apne1-az2,3,1.0,1.0,2.5,2.144,0.8429,60,m5ad,General,m,32.0,128.0,16988.4346,AMD EPYC 7571,AMD EPYC 7571,AuthenticAMD
m5ad.8xlarge,ap-northeast-1,apne1-az4,1,0.0,0.0,2.5,2.144,0.7111,66,m5ad,General,m,32.0,128.0,16988.4346,AMD EPYC 7571,AMD EPYC 7571,AuthenticAMD
m5ad.large,ap-northeast-1,apne1-az1,3,15.0,25.0,3.0,0.134,0.0459,65,m5ad,General,m,2.0,8.0,16986.4371,AMD EPYC 7571,AMD EPYC 7571,AuthenticAMD
m5ad.large,ap-northeast-1,apne1-az2,3,50.0,50.0,3.0,0.134,0.0499,62,m5ad,General,m,2.0,8.0,16986.4371,AMD EPYC 7571,AMD EPYC 7571,AuthenticAMD
m5ad.large,ap-northeast-1,apne1-az4,3,1.0,1.0,3.0,0.134,0.0655,51,m5ad,General,m,2.0,8.0,16986.4371,AMD EPYC 7571,AMD EPYC 7571,AuthenticAMD
m5ad.xlarge,ap-northeast-1,apne1-az1,3,5.0,5.0,2.5,0.268,0.1029,61,m5ad,General,m,4.0,16.0,17004.0398,AMD EPYC 7571,AMD EPYC 7571,AuthenticAMD
m5ad.xlarge,ap-northeast-1,apne1-az2,3,10.0,15.0,2.5,0.268,0.1125,58,m5ad,General,m,4.0,16.0,17004.0398,AMD EPYC 7571,AMD EPYC 7571,AuthenticAMD
m5ad.xlarge,ap-northeast-1,apne1-az4,3,1.0,5.0,2.5,0.268,0.1266,52,m5ad,General,m,4.0,16.0,17004.0398,AMD EPYC 7571,AMD EPYC 7571,AuthenticAMD
m5d.12xlarge,ap-northeast-1,apne1-az1,3,15.0,25.0,2.5,3.504,1.09,68,m5d,General,m,48.0,192.0,25100.5329,Intel(R) Xeon(R) Platinum 8175M CPU @ 2.50GHz,Intel(R) Xeon(R) Platinum 8175M CPU @ 2.50GHz,Intel
m5d.12xlarge,ap-northeast-1,apne1-az2,3,5.0,10.0,2.5,3.504,1.0756,69,m5d,General,m,48.0,192.0,25100.5329,Intel(R) Xeon(R) Platinum 8175M CPU @ 2.50GHz,Intel(R) Xeon(R) Platinum 8175M CPU @ 2.50GHz,Intel
m5d.12xlarge,ap-northeast-1,apne1-az4,3,15.0,20.0,2.5,3.504,1.2513,64,m5d,General,m,48.0,192.0,25100.5329,Intel(R) Xeon(R) Platinum 8175M CPU @ 2.50GHz,Intel(R) Xeon(R) Platinum 8175M CPU @ 2.50GHz,Intel
m5d.16xlarge,ap-northeast-1,apne1-az1,3,10.0,15.0,3.0,4.672,1.4045,69,m5d,General,m,64.0,256.0,23189.8066,Intel(R) Xeon(R) Platinum 8259CL CPU @ 2.50GHz,Intel(R) Xeon(R) Platinum 8259CL CPU @ 2.50GHz,Intel
m5d.16xlarge,ap-northeast-1,apne1-az2,3,5.0,10.0,3.0,4.672,1.4166,69,m5d,General,m,64.0,256.0,23189.8066,Intel(R) Xeon(R) Platinum 8259CL CPU @ 2.50GHz,Intel(R) Xeon(R) Platinum 8259CL CPU @ 2.50GHz,Intel
m5d.16xlarge,ap-northeast-1,apne1-az4,3,5.0,10.0,3.0,4.672,1.6762,64,m5d,General,m,64.0,256.0,23189.8066,Intel(R) Xeon(R) Platinum 8259CL CPU @ 2.50GHz,Intel(R) Xeon(R) Platinum 8259CL CPU @ 2.50GHz,Intel
m5d.24xlarge,ap-northeast-1,apne1-az1,3,1.0,1.0,1.0,7.008,2.1102,69,m5d,General,m,96.0,384.0,25107.9953,Intel(R) Xeon(R) Platinum 8175M CPU @ 2.50GHz,Intel(R) Xeon(R) Platinum 8175M CPU @ 2.50GHz,Intel
m5d.24xlarge,ap-northeast-1,apne1-az2,3,1.0,1.0,1.0,7.008,2.1556,69,m5d,General,m,96.0,384.0,25107.9953,Intel(R) Xeon(R) Platinum 8175M CPU @ 2.50GHz,Intel(R) Xeon(R) Platinum 8175M CPU @ 2.50GHz,Intel
m5d.24xlarge,ap-northeast-1,apne1-az4,1,0.0,0.0,1.0,7.008,2.1927,68,m5d,General,m,96.0,384.0,25107.9953,Intel(R) Xeon(R) Platinum 8175M CPU @ 2.50GHz,Intel(R) Xeon(R) Platinum 8175M CPU @ 2.50GHz,Intel
m5d.2xlarge,ap-northeast-1,apne1-az1,3,50.0,50.0,2.5,0.584,0.2313,60,m5d,General,m,8.0,32.0,23165.0997,Intel(R) Xeon(R) Platinum 8175M CPU @ 2.50GHz,Intel(R) Xeon(R) Platinum 8175M CPU @ 2.50GHz,Intel
m5d.2xlarge,ap-northeast-1,apne1-az2,3,20.0,30.0,2.5,0.584,0.2152,63,m5d,General,m,8.0,32.0,23165.0997,Intel(R) Xeon(R) Platinum 8175M CPU @ 2.50GHz,Intel(R) Xeon(R) Platinum 8175M CPU @ 2.50GHz,Intel
m5d.2xlarge,ap-northeast-1,apne1-az4,3,50.0,50.0,2.5,0.584,0.2148,63,m5d,General,m,8.0,32.0,23165.0997,Intel(R) Xeon(R) Platinum 8175M CPU @ 2.50GHz,Intel(R) Xeon(R) Platinum 8175M CPU @ 2.50GHz,Intel
m5d.4xlarge,ap-northeast-1,apne1-az1,3,50.0,50.0,2.5,1.168,0.3986,65,m5d,General,m,16.0,64.0,23129.1055,Intel(R) Xeon(R) Platinum 8175M CPU @ 2.50GHz,Intel(R) Xeon(R) Platinum 8175M CPU @ 2.50GHz,Intel
m5d.4xlarge,ap-northeast-1,apne1-az2,3,5.0,10.0,2.5,1.168,0.3879,66,m5d,General,m,16.0,64.0,23129.1055,Intel(R) Xeon(R) Platinum 8175M CPU @ 2.50GHz,Intel(R) Xeon(R) Platinum 8175M CPU @ 2.50GHz,Intel
m5d.4xlarge,ap-northeast-1,apne1-az4,3,50.0,50.0,2.5,1.168,0.3645,68,m5d,General,m,16.0,64.0,23129.1055,Intel(R) Xeon(R) Platinum 8175M CPU @ 2.50GHz,Intel(R) Xeon(R) Platinum 8175M CPU @ 2.50GHz,Intel
m5d.8xlarge,ap-northeast-1,apne1-az1,3,45.0,50.0,3.0,2.336,0.7299,68,m5d,General,m,32.0,128.0,23161.5783,Intel(R) Xeon(R) Platinum 8175M CPU @ 2.50GHz,Intel(R) Xeon(R) Platinum 8175M CPU @ 2.50GHz,Intel
m5d.8xlarge,ap-northeast-1,apne1-az2,3,10.0,15.0,3.0,2.336,0.7665,67,m5d,General,m,32.0,128.0,23161.5783,Intel(R) Xeon(R) Platinum 8175M CPU @ 2.50GHz,Intel(R) Xeon(R) Platinum 8175M CPU @ 2.50GHz,Intel
m5d.8xlarge,ap-northeast-1,apne1-az4,3,50.0,50.0,3.0,2.336,0.7975,65,m5d,General,m,32.0,128.0,23161.5783,Intel(R) Xeon(R) Platinum 8175M CPU @ 2.50GHz,Intel(R) Xeon(R) Platinum 8175M CPU @ 2.50GHz,Intel
m5d.large,ap-northeast-1,apne1-az1,3,50.0,50.0,3.0,0.146,0.0559,61,m5d,General,m,2.0,8.0,23117.8323,Intel(R) Xeon(R) Platinum 8175M CPU @ 2.50GHz,Intel(R) Xeon(R) Platinum 8175M CPU @ 2.50GHz,Intel
m5d.large,ap-northeast-1,apne1-az2,3,50.0,50.0,3.0,0.146,0.0501,65,m5d,General,m,2.0,8.0,23117.8323,Intel(R) Xeon(R) Platinum 8175M CPU @ 2.50GHz,Intel(R) Xeon(R) Platinum 8175M CPU @ 2.50GHz,Intel
m5d.large,ap-northeast-1,apne1-az4,3,50.0,50.0,3.0,0.146,0.0566,61,m5d,General,m,2.0,8.0,23117.8323,Intel(R) Xeon(R) Platinum 8175M CPU @ 2.50GHz,Intel(R) Xeon(R) Platinum 8175M CPU @ 2.50GHz,Intel
m5d.xlarge,ap-northeast-1,apne1-az1,3,50.0,50.0,2.0,0.292,0.1048,64,m5d,General,m,4.0,16.0,23096.6228,Intel(R) Xeon(R) Platinum 8175M CPU @ 2.50GHz,Intel(R) Xeon(R) Platinum 8175M CPU @ 2.50GHz,Intel
m5d.xlarge,ap-northeast-1,apne1-az2,3,20.0,30.0,2.0,0.292,0.0932,68,m5d,General,m,4.0,16.0,23096.6228,Intel(R) Xeon(R) Platinum 8175M CPU @ 2.50GHz,Intel(R) Xeon(R) Platinum 8175M CPU @ 2.50GHz,Intel
m5d.xlarge,ap-northeast-1,apne1-az4,3,50.0,50.0,2.0,0.292,0.1058,63,m5d,General,m,4.0,16.0,23096.6228,Intel(R) Xeon(R) Platinum 8175M CPU @ 2.50GHz,Intel(R) Xeon(R) Platinum 8175M CPU @ 2.50GHz,Intel
m5dn.12xlarge,ap-northeast-1,apne1-az1,3,1.0,1.0,3.0,4.2,1.2469,70,m5dn,General,m,48.0,192.0,25043.08,Intel(R) Xeon(R) Platinum 8259CL CPU @ 2.50GHz,Intel(R) Xeon(R) Platinum 8259CL CPU @ 2.50GHz,Intel
m5dn.12xlarge,ap-northeast-1,apne1-az2,3,1.0,1.0,3.0,4.2,1.208,71,m5dn,General,m,48.0,192.0,25043.08,Intel(R) Xeon(R) Platinum 8259CL CPU @ 2.50GHz,Intel(R) Xeon(R) Platinum 8259CL CPU @ 2.50GHz,Intel
m5dn.12xlarge,ap-northeast-1,apne1-az4,3,1.0,1.0,3.0,4.2,1.2962,69,m5dn,General,m,48.0,192.0,25043.08,Intel(R) Xeon(R) Platinum 8259CL CPU @ 2.50GHz,Intel(R) Xeon(R) Platinum 8259CL CPU @ 2.50GHz,Intel
m5dn.16xlarge,ap-northeast-1,apne1-az1,3,1.0,1.0,3.0,5.6,1.7034,69,m5dn,General,m,64.0,256.0,23931.1209,Intel(R) Xeon(R) Platinum 8259CL CPU @ 2.50GHz,Intel(R) Xeon(R) Platinum 8259CL CPU @ 2.50GHz,Intel
m5dn.16xlarge,ap-northeast-1,apne1-az2,3,1.0,1.0,3.0,5.6,1.795,67,m5dn,General,m,64.0,256.0,23931.1209,Intel(R) Xeon(R) Platinum 8259CL CPU @ 2.50GHz,Intel(R) Xeon(R) Platinum 8259CL CPU @ 2.50GHz,Intel
m5dn.16xlarge,ap-northeast-1,apne1-az4,3,1.0,1.0,3.0,5.6,1.7555,68,m5dn,General,m,64.0,256.0,23931.1209,Intel(R) Xeon(R) Platinum 8259CL CPU @ 2.50GHz,Intel(R) Xeon(R) Platinum 8259CL CPU @ 2.50GHz,Intel
m5dn.24xlarge,ap-northeast-1,apne1-az1,3,20.0,30.0,2.5,8.4,2.663,68,m5dn,General,m,96.0,384.0,25053.7489,Intel(R) Xeon(R) Platinum 8259CL CPU @ 2.50GHz,Intel(R) Xeon(R) Platinum 8259CL CPU @ 2.50GHz,Intel
m5dn.24xlarge,ap-northeast-1,apne1-az2,3,1.0,1.0,2.5,8.4,2.7496,67,m5dn,General,m,96.0,384.0,25053.7489,Intel(R) Xeon(R) Platinum 8259CL CPU @ 2.50GHz,Intel(R) Xeon(R) Platinum 8259CL CPU @ 2.50GHz,Intel
m5dn.24xlarge,ap-northeast-1,apne1-az4,3,5.0,5.0,2.5,8.4,2.5025,70,m5dn,General,m,96.0,384.0,25053.7489,Intel(R) Xeon(R) Platinum 8259CL CPU @ 2.50GHz,Intel(R) Xeon(R) Platinum 8259CL CPU @ 2.50GHz,Intel
m5dn.2xlarge,ap-northeast-1,apne1-az1,3,10.0,15.0,3.0,0.7,0.2579,63,m5dn,General,m,8.0,32.0,23188.3017,Intel(R) Xeon(R) Platinum 8259CL CPU @ 2.50GHz,Intel(R) Xeon(R) Platinum 8259CL CPU @ 2.50GHz,Intel
m5dn.2xlarge,ap-northeast-1,apne1-az2,3,1.0,5.0,3.0,0.7,0.2132,69,m5dn,General,m,8.0,32.0,23188.3017,Intel(R) Xeon(R) Platinum 8259CL CPU @ 2.50GHz,Intel(R) Xeon(R) Platinum 8259CL CPU @ 2.50GHz,Intel
m5dn.2xlarge,ap-northeast-1,apne1-az4,3,5.0,10.0,3.0,0.7,0.2453,64,m5dn,General,m,8.0,32.0,23188.3017,Intel(R) Xeon(R) Platinum 8259CL CPU @ 2.50GHz,Intel(R) Xeon(R) Platinum 8259CL CPU @ 2.50GHz,Intel
m5dn.4xlarge,ap-northeast-1,apne1-az1,3,5.0,5.0,2.0,1.4,0.4487,67,m5dn,General,m,16.0,64.0,23161.4552,Intel(R) Xeon(R) Platinum 8259CL CPU @ 2.50GHz,Intel(R) Xeon(R) Platinum 8259CL CPU @ 2.50GHz,Intel
m5dn.4xlarge,ap-northeast-1,apne1-az2,3,1.0,1.0,2.0,1.4,0.4105,70,m5dn,General,m,16.0,64.0,23161.4552,Intel(R) Xeon(R) Platinum 8259CL CPU @ 2.50GHz,Intel(R) Xeon(R) Platinum 8259CL CPU @ 2.50GHz,Intel
m5dn.4xlarge,ap-northeast-1,apne1-az4,3,5.0,10.0,2.0,1.4,0.4814,65,m5dn,General,m,16.0,64.0,23161.4552,Intel(R) Xeon(R) Platinum 8259CL CPU @ 2.50GHz,Intel(R) Xeon(R) Platinum 8259CL CPU @ 2.50GHz,Intel
m5dn.8xlarge,ap-northeast-1,apne1-az1,3,1.0,1.0,3.0,2.8,0.8863,68,m5dn,General,m,32.0,128.0,23931.8093,Intel(R) Xeon(R) Platinum 8259CL CPU @ 2.50GHz,Intel(R) Xeon(R) Platinum 8259CL CPU @ 2.50GHz,Intel
m5dn.8xlarge,ap-northeast-1,apne1-az2,3,1.0,5.0,3.0,2.8,0.8749,68,m5dn,General,m,32.0,128.0,23931.8093,Intel(R) Xeon(R) Platinum 8259CL CPU @ 2.50GHz,Intel(R) Xeon(R) Platinum 8259CL CPU @ 2.50GHz,Intel
m5dn.8xlarge,ap-northeast-1,apne1-az4,3,1.0,5.0,3.0,2.8,0.9776,65,m5dn,General,m,32.0,128.0,23931.8093,Intel(R) Xeon(R) Platinum 8259CL CPU @ 2.50GHz,Intel(R) Xeon(R) Platinum 8259CL CPU @ 2.50GHz,Intel
m5dn.large,ap-northeast-1,apne1-az1,3,50.0,50.0,3.0,0.175,0.0521,70,m5dn,General,m,2.0,8.0,23905.8751,Intel(R) Xeon(R) Platinum 8259CL CPU @ 2.50GHz,Intel(R) Xeon(R) Platinum 8259CL CPU @ 2.50GHz,Intel
m5dn.large,ap-northeast-1,apne1-az2,3,10.0,20.0,3.0,0.175,0.0508,70,m5dn,General,m,2.0,8.0,23905.8751,Intel(R) Xeon(R) Platinum 8259CL CPU @ 2.50GHz,Intel(R) Xeon(R) Platinum 8259CL CPU @ 2.50GHz,Intel
m5dn.large,ap-northeast-1,apne1-az4,3,30.0,50.0,3.0,0.175,0.0548,68,m5dn,General,m,2.0,8.0,23905.8751,Intel(R) Xeon(R) Platinum 8259CL CPU @ 2.50GHz,Intel(R) Xeon(R) Platinum 8259CL CPU @ 2.50GHz,Intel
m5dn.xlarge,ap-northeast-1,apne1-az1,3,35.0,50.0,3.0,0.35,0.1296,62,m5dn,General,m,4.0,16.0,23921.1606,Intel(R) Xeon(R) Platinum 8259CL CPU @ 2.50GHz,Intel(R) Xeon(R) Platinum 8259CL CPU @ 2.50GHz,Intel
m5dn.xlarge,ap-northeast-1,apne1-az2,3,10.0,10.0,3.0,0.35,0.1089,68,m5dn,General,m,4.0,16.0,23921.1606,Intel(R) Xeon(R) Platinum 8259CL CPU @ 2.50GHz,Intel(R) Xeon(R) Platinum 8259CL CPU @ 2.50GHz,Intel
m5dn.xlarge,ap-northeast-1,apne1-az4,3,20.0,30.0,3.0,0.35,0.1283,63,m5dn,General,m,4.0,16.0,23921.1606,Intel(R) Xeon(R) Platinum 8259CL CPU @ 2.50GHz,Intel(R) Xeon(R) Platinum 8259CL CPU @ 2.50GHz,Intel
m5n.12xlarge,ap-northeast-1,apne1-az1,3,1.0,1.0,3.0,3.672,1.206,67,m5n,General,m,48.0,192.0,25035.3071254,Intel(R) Xeon(R) Platinum 8259CL CPU @ 2.50GHz,Intel(R) Xeon(R) Platinum 8259CL CPU @ 2.50GHz,Intel
m5n.12xlarge,ap-northeast-1,apne1-az2,3,1.0,1.0,3.0,3.672,1.222,66,m5n,General,m,48.0,192.0,25035.3071254,Intel(R) Xeon(R) Platinum 8259CL CPU @ 2.50GHz,Intel(R) Xeon(R) Platinum 8259CL CPU @ 2.50GHz,Intel
m5n.12xlarge,ap-northeast-1,apne1-az4,3,1.0,1.0,3.0,3.672,1.1457,68,m5n,General,m,48.0,192.0,25035.3071254,Intel(R) Xeon(R) Platinum 8259CL CPU @ 2.50GHz,Intel(R) Xeon(R) Platinum 8259CL CPU @ 2.50GHz,Intel
m5n.16xlarge,ap-northeast-1,apne1-az1,3,1.0,1.0,3.0,4.896,1.5197,68,m5n,General,m,64.0,256.0,23897.292976000004,Intel(R) Xeon(R) Platinum 8259CL CPU @ 2.50GHz,Intel(R) Xeon(R) Platinum 8259CL CPU @ 2.50GHz,Intel
m5n.16xlarge,ap-northeast-1,apne1-az2,3,1.0,1.0,3.0,4.896,1.6052,67,m5n,General,m,64.0,256.0,23897.292976000004,Intel(R) Xeon(R) Platinum 8259CL CPU @ 2.50GHz,Intel(R) Xeon(R) Platinum 8259CL CPU @ 2.50GHz,Intel
m5n.16xlarge,ap-northeast-1,apne1-az4,3,1.0,1.0,3.0,4.896,1.5945,67,m5n,General,m,64.0,256.0,23897.292976000004,Intel(R) Xeon(R) Platinum 8259CL CPU @ 2.50GHz,Intel(R) Xeon(R) Platinum 8259CL CPU @ 2.50GHz,Intel
m5n.24xlarge,ap-northeast-1,apne1-az1,3,1.0,1.0,2.5,7.344,2.5412,65,m5n,General,m,96.0,384.0,25002.528824,Intel(R) Xeon(R) Platinum 8259CL CPU @ 2.50GHz,Intel(R) Xeon(R) Platinum 8259CL CPU @ 2.50GHz,Intel
m5n.24xlarge,ap-northeast-1,apne1-az2,3,1.0,5.0,2.5,7.344,2.3264,68,m5n,General,m,96.0,384.0,25002.528824,Intel(R) Xeon(R) Platinum 8259CL CPU @ 2.50GHz,Intel(R) Xeon(R) Platinum 8259CL CPU @ 2.50GHz,Intel
m5n.24xlarge,ap-northeast-1,apne1-az4,3,5.0,5.0,2.5,7.344,2.3311,68,m5n,General,m,96.0,384.0,25002.528824,Intel(R) Xeon(R) Platinum 8259CL CPU @ 2.50GHz,Intel(R) Xeon(R) Platinum 8259CL CPU @ 2.50GHz,Intel
m5n.2xlarge,ap-northeast-1,apne1-az1,3,20.0,35.0,3.0,0.612,0.232,62,m5n,General,m,8.0,32.0,23497.469361400003,Intel(R) Xeon(R) Platinum 8259CL CPU @ 2.50GHz,Intel(R) Xeon(R) Platinum 8259CL CPU @ 2.50GHz,Intel
m5n.2xlarge,ap-northeast-1,apne1-az2,3,10.0,15.0,3.0,0.612,0.2275,62,m5n,General,m,8.0,32.0,23497.469361400003,Intel(R) Xeon(R) Platinum 8259CL CPU @ 2.50GHz,Intel(R) Xeon(R) Platinum 8259CL CPU @ 2.50GHz,Intel
m5n.2xlarge,ap-northeast-1,apne1-az4,3,10.0,20.0,3.0,0.612,0.2353,61,m5n,General,m,8.0,32.0,23497.469361400003,Intel(R) Xeon(R) Platinum 8259CL CPU @ 2.50GHz,Intel(R) Xeon(R) Platinum 8259CL CPU @ 2.50GHz,Intel
m5n.4xlarge,ap-northeast-1,apne1-az1,3,5.0,5.0,3.0,1.224,0.5056,58,m5n,General,m,16.0,64.0,23642.4236992,Intel(R) Xeon(R) Platinum 8259CL CPU @ 2.50GHz,Intel(R) Xeon(R) Platinum 8259CL CPU @ 2.50GHz,Intel
m5n.4xlarge,ap-northeast-1,apne1-az2,3,1.0,5.0,3.0,1.224,0.475,61,m5n,General,m,16.0,64.0,23642.4236992,Intel(R) Xeon(R) Platinum 8259CL CPU @ 2.50GHz,Intel(R) Xeon(R) Platinum 8259CL CPU @ 2.50GHz,Intel
m5n.4xlarge,ap-northeast-1,apne1-az4,3,1.0,5.0,3.0,1.224,0.4419,63,m5n,General,m,16.0,64.0,23642.4236992,Intel(R) Xeon(R) Platinum 8259CL CPU @ 2.50GHz,Intel(R) Xeon(R) Platinum 8259CL CPU @ 2.50GHz,Intel
m5n.8xlarge,ap-northeast-1,apne1-az1,3,1.0,1.0,3.0,2.448,0.8915,63,m5n,General,m,32.0,128.0,23170.4868246,Intel(R) Xeon(R) Platinum 8259CL CPU @ 2.50GHz,Intel(R) Xeon(R) Platinum 8259CL CPU @ 2.50GHz,Intel
m5n.8xlarge,ap-northeast-1,apne1-az2,3,5.0,10.0,3.0,2.448,0.7986,67,m5n,General,m,32.0,128.0,23170.4868246,Intel(R) Xeon(R) Platinum 8259CL CPU @ 2.50GHz,Intel(R) Xeon(R) Platinum 8259CL CPU @ 2.50GHz,Intel
m5n.8xlarge,ap-northeast-1,apne1-az4,3,1.0,1.0,3.0,2.448,0.7666,68,m5n,General,m,32.0,128.0,23170.4868246,Intel(R) Xeon(R) Platinum 8259CL CPU @ 2.50GHz,Intel(R) Xeon(R) Platinum 8259CL CPU @ 2.50GHz,Intel
m5n.large,ap-northeast-1,apne1-az1,3,45.0,50.0,3.0,0.153,0.0587,61,m5n,General,m,2.0,8.0,23159.3202476,Intel(R) Xeon(R) Platinum 8259CL CPU @ 2.50GHz,Intel(R) Xeon(R) Platinum 8259CL CPU @ 2.50GHz,Intel
m5n.large,ap-northeast-1,apne1-az2,3,30.0,45.0,3.0,0.153,0.0527,65,m5n,General,m,2.0,8.0,23159.3202476,Intel(R) Xeon(R) Platinum 8259CL CPU @ 2.50GHz,Intel(R) Xeon(R) Platinum 8259CL CPU @ 2.50GHz,Intel
m5n.large,ap-northeast-1,apne1-az4,3,20.0,35.0,3.0,0.153,0.0532,65,m5n,General,m,2.0,8.0,23159.3202476,Intel(R) Xeon(R) Platinum 8259CL CPU @ 2.50GHz,Intel(R) Xeon(R) Platinum 8259CL CPU @ 2.50GHz,Intel
m5n.xlarge,ap-northeast-1,apne1-az1,3,20.0,30.0,2.5,0.306,0.1164,61,m5n,General,m,4.0,16.0,23910.0750202,Intel(R) Xeon(R) Platinum 8259CL CPU @ 2.50GHz,Intel(R) Xeon(R) Platinum 8259CL CPU @ 2.50GHz,Intel
m5n.xlarge,ap-northeast-1,apne1-az2,3,10.0,15.0,2.5,0.306,0.1351,55,m5n,General,m,4.0,16.0,23910.0750202,Intel(R) Xeon(R) Platinum 8259CL CPU @ 2.50GHz,Intel(R) Xeon(R) Platinum 8259CL CPU @ 2.50GHz,Intel
m5n.xlarge,ap-northeast-1,apne1-az4,3,10.0,15.0,2.5,0.306,0.1206,60,m5n,General,m,4.0,16.0,23910.0750202,Intel(R) Xeon(R) Platinum 8259CL CPU @ 2.50GHz,Intel(R) Xeon(R) Platinum 8259CL CPU @ 2.50GHz,Intel
m5zn.12xlarge,ap-northeast-1,apne1-az1,3,20.0,30.0,2.5,5.1204,1.5257,70,m5zn,General,m,48.0,192.0,33670.963411,Intel(R) Xeon(R) Platinum 8252C CPU @ 3.80GHz,Intel(R) Xeon(R) Platinum 8252C CPU @ 3.80GHz,Intel
m5zn.12xlarge,ap-northeast-1,apne1-az2,3,5.0,5.0,2.5,5.1204,1.5537,69,m5zn,General,m,48.0,192.0,33670.963411,Intel(R) Xeon(R) Platinum 8252C CPU @ 3.80GHz,Intel(R) Xeon(R) Platinum 8252C CPU @ 3.80GHz,Intel
m5zn.12xlarge,ap-northeast-1,apne1-az4,3,50.0,50.0,2.5,5.1204,1.6409,67,m5zn,General,m,48.0,192.0,33670.963411,Intel(R) Xeon(R) Platinum 8252C CPU @ 3.80GHz,Intel(R) Xeon(R) Platinum 8252C CPU @ 3.80GHz,Intel
m5zn.2xlarge,ap-northeast-1,apne1-az1,3,10.0,15.0,3.0,0.8534,0.2825,66,m5zn,General,m,8.0,32.0,33697.7305016,Intel(R) Xeon(R) Platinum 8252C CPU @ 3.80GHz,Intel(R) Xeon(R) Platinum 8252C CPU @ 3.80GHz,Intel
m5zn.2xlarge,ap-northeast-1,apne1-az2,3,1.0,5.0,3.0,0.8534,0.274,67,m5zn,General,m,8.0,32.0,33697.7305016,Intel(R) Xeon(R) Platinum 8252C CPU @ 3.80GHz,Intel(R) Xeon(R) Platinum 8252C CPU @ 3.80GHz,Intel
m5zn.2xlarge,ap-northeast-1,apne1-az4,3,25.0,40.0,3.0,0.8534,0.3621,57,m5zn,General,m,8.0,32.0,33697.7305016,Intel(R) Xeon(R) Platinum 8252C CPU @ 3.80GHz,Intel(R) Xeon(R) Platinum 8252C CPU @ 3.80GHz,Intel
m5zn.3xlarge,ap-northeast-1,apne1-az1,3,5.0,10.0,3.0,1.2801,0.4409,65,m5zn,General,m,12.0,48.0,33696.603652000005,Intel(R) Xeon(R) Platinum 8252C CPU @ 3.80GHz,Intel(R) Xeon(R) Platinum 8252C CPU @ 3.80GHz,Intel
m5zn.3xlarge,ap-northeast-1,apne1-az2,3,1.0,1.0,3.0,1.2801,0.3827,70,m5zn,General,m,12.0,48.0,33696.603652000005,Intel(R) Xeon(R) Platinum 8252C CPU @ 3.80GHz,Intel(R) Xeon(R) Platinum 8252C CPU @ 3.80GHz,Intel
m5zn.3xlarge,ap-northeast-1,apne1-az4,3,15.0,20.0,3.0,1.2801,0.5768,54,m5zn,General,m,12.0,48.0,33696.603652000005,Intel(R) Xeon(R) Platinum 8252C CPU @ 3.80GHz,Intel(R) Xeon(R) Platinum 8252C CPU @ 3.80GHz,Intel
m5zn.6xlarge,ap-northeast-1,apne1-az1,3,1.0,1.0,2.5,2.5602,1.1251,56,m5zn,General,m,24.0,96.0,33686.5983748,Intel(R) Xeon(R) Platinum 8252C CPU @ 3.80GHz,Intel(R) Xeon(R) Platinum 8252C CPU @ 3.80GHz,Intel
m5zn.6xlarge,ap-northeast-1,apne1-az2,3,1.0,1.0,2.5,2.5602,1.0445,59,m5zn,General,m,24.0,96.0,33686.5983748,Intel(R) Xeon(R) Platinum 8252C CPU @ 3.80GHz,Intel(R) Xeon(R) Platinum 8252C CPU @ 3.80GHz,Intel
m5zn.6xlarge,ap-northeast-1,apne1-az4,3,20.0,35.0,2.5,2.5602,1.1807,53,m5zn,General,m,24.0,96.0,33686.5983748,Intel(R) Xeon(R) Platinum 8252C CPU @ 3.80GHz,Intel(R) Xeon(R) Platinum 8252C CPU @ 3.80GHz,Intel
m5zn.large,ap-northeast-1,apne1-az1,3,50.0,50.0,3.0,0.2134,0.068,68,m5zn,General,m,2.0,8.0,33689.556138600004,Intel(R) Xeon(R) Platinum 8252C CPU @ 3.80GHz,Intel(R) Xeon(R) Platinum 8252C CPU @ 3.80GHz,Intel
m5zn.large,ap-northeast-1,apne1-az2,3,15.0,25.0,3.0,0.2134,0.0619,70,m5zn,General,m,2.0,8.0,33689.556138600004,Intel(R) Xeon(R) Platinum 8252C CPU @ 3.80GHz,Intel(R) Xeon(R) Platinum 8252C CPU @ 3.80GHz,Intel
m5zn.large,ap-northeast-1,apne1-az4,3,50.0,50.0,3.0,0.2134,0.073,65,m5zn,General,m,2.0,8.0,33689.556138600004,Intel(R) Xeon(R) Platinum 8252C CPU @ 3.80GHz,Intel(R) Xeon(R) Platinum 8252C CPU @ 3.80GHz,Intel
m5zn.xlarge,ap-northeast-1,apne1-az1,3,25.0,35.0,3.0,0.4267,0.1401,67,m5zn,General,m,4.0,16.0,33664.189208799995,Intel(R) Xeon(R) Platinum 8252C CPU @ 3.80GHz,Intel(R) Xeon(R) Platinum 8252C CPU @ 3.80GHz,Intel
m5zn.xlarge,ap-northeast-1,apne1-az2,3,5.0,5.0,3.0,0.4267,0.1563,63,m5zn,General,m,4.0,16.0,33664.189208799995,Intel(R) Xeon(R) Platinum 8252C CPU @ 3.80GHz,Intel(R) Xeon(R) Platinum 8252C CPU @ 3.80GHz,Intel
m5zn.xlarge,ap-northeast-1,apne1-az4,3,50.0,50.0,3.0,0.4267,0.157,63,m5zn,General,m,4.0,16.0,33664.189208799995,Intel(R) Xeon(R) Platinum 8252C CPU @ 3.80GHz,Intel(R) Xeon(R) Platinum 8252C CPU @ 3.80GHz,Intel
m6a.12xlarge,ap-northeast-1,apne1-az1,3,1.0,5.0,1.0,2.6784,0.8451,68,m6a,General,m,48.0,192.0,33522.85611420001,AMD EPYC 7R13 Processor,AMD EPYC 7R13 Processor,AuthenticAMD
m6a.12xlarge,ap-northeast-1,apne1-az2,3,1.0,1.0,1.0,2.6784,0.886,66,m6a,General,m,48.0,192.0,33522.85611420001,AMD EPYC 7R13 Processor,AMD EPYC 7R13 Processor,AuthenticAMD
m6a.12xlarge,ap-northeast-1,apne1-az4,1,0.0,0.0,1.0,2.6784,0.8302,69,m6a,General,m,48.0,192.0,33522.85611420001,AMD EPYC 7R13 Processor,AMD EPYC 7R13 Processor,AuthenticAMD
m6a.16xlarge,ap-northeast-1,apne1-az1,3,1.0,5.0,1.0,3.5712,0.9813,72,m6a,General,m,64.0,256.0,33364.7009806,AMD EPYC 7R13 Processor,AMD EPYC 7R13 Processor,AuthenticAMD
m6a.16xlarge,ap-northeast-1,apne1-az2,3,1.0,1.0,1.0,3.5712,1.1665,67,m6a,General,m,64.0,256.0,33364.7009806,AMD EPYC 7R13 Processor,AMD EPYC 7R13 Processor,AuthenticAMD
m6a.16xlarge,ap-northeast-1,apne1-az4,1,0.0,0.0,1.0,3.5712,1.1484,67,m6a,General,m,64.0,256.0,33364.7009806,AMD EPYC 7R13 Processor,AMD EPYC 7R13 Processor,AuthenticAMD
m6a.24xlarge,ap-northeast-1,apne1-az1,3,1.0,1.0,1.0,5.3568,1.9303,63,m6a,General,m,96.0,384.0,33350.926862800006,AMD EPYC 7R13 Processor,AMD EPYC 7R13 Processor,AuthenticAMD
m6a.24xlarge,ap-northeast-1,apne1-az2,1,0.0,0.0,1.0,5.3568,1.841,65,m6a,General,m,96.0,384.0,33350.926862800006,AMD EPYC 7R13 Processor,AMD EPYC 7R13 Processor,AuthenticAMD
m6a.24xlarge,ap-northeast-1,apne1-az4,1,0.0,0.0,1.0,5.3568,1.8021,66,m6a,General,m,96.0,384.0,33350.926862800006,AMD EPYC 7R13 Processor,AMD EPYC 7R13 Processor,AuthenticAMD
m6a.2xlarge,ap-northeast-1,apne1-az1,3,50.0,50.0,2.0,0.4464,0.1711,61,m6a,General,m,8.0,32.0,33335.892700200005,AMD EPYC 7R13 Processor,AMD EPYC 7R13 Processor,AuthenticAMD
m6a.2xlarge,ap-northeast-1,apne1-az2,3,10.0,15.0,2.0,0.4464,0.18,59,m6a,General,m,8.0,32.0,33335.892700200005,AMD EPYC 7R13 Processor,AMD EPYC 7R13 Processor,AuthenticAMD
m6a.2xlarge,ap-northeast-1,apne1-az4,3,35.0,50.0,2.0,0.4464,0.1894,57,m6a,General,m,8.0,32.0,33335.892700200005,AMD EPYC 7R13 Processor,AMD EPYC 7R13 Processor,AuthenticAMD
m6a.32xlarge,ap-northeast-1,apne1-az1,3,1.0,1.0,2.5,7.1424,2.1234,70,m6a,General,m,128.0,512.0,34260.509088,AMD EPYC 7R13 Processor,AMD EPYC 7R13 Processor,AuthenticAMD
m6a.32xlarge,ap-northeast-1,apne1-az2,1,0.0,0.0,2.5,7.1424,2.1509,69,m6a,General,m,128.0,512.0,34260.509088,AMD EPYC 7R13 Processor,AMD EPYC 7R13 Processor,AuthenticAMD
m6a.32xlarge,ap-northeast-1,apne1-az4,1,0.0,0.0,2.5,7.1424,2.3038,67,m6a,General,m,128.0,512.0,34260.509088,AMD EPYC 7R13 Processor,AMD EPYC 7R13 Processor,AuthenticAMD
m6a.48xlarge,ap-northeast-1,apne1-az1,1,0.0,0.0,1.0,10.7136,3.416,68,m6a,General,m,192.0,768.0,33360.0555802,AMD EPYC 7R13 Processor,AMD EPYC 7R13 Processor,AuthenticAMD
m6a.48xlarge,ap-northeast-1,apne1-az2,1,0.0,0.0,1.0,10.7136,2.9554,72,m6a,General,m,192.0,768.0,33360.0555802,AMD EPYC 7R13 Processor,AMD EPYC 7R13 Processor,AuthenticAMD
m6a.48xlarge,ap-northeast-1,apne1-az4,1,0.0,0.0,1.0,10.7136,4.0783,61,m6a,General,m,192.0,768.0,33360.0555802,AMD EPYC 7R13 Processor,AMD EPYC 7R13 Processor,AuthenticAMD
m6a.4xlarge,ap-northeast-1,apne1-az1,3,35.0,50.0,1.0,0.8928,0.3238,63,m6a,General,m,16.0,64.0,33325.586020400006,AMD EPYC 7R13 Processor,AMD EPYC 7R13 Processor,AuthenticAMD
m6a.4xlarge,ap-northeast-1,apne1-az2,3,20.0,35.0,1.0,0.8928,0.3393,61,m6a,General,m,16.0,64.0,33325.586020400006,AMD EPYC 7R13 Processor,AMD EPYC 7R13 Processor,AuthenticAMD
m6a.4xlarge,ap-northeast-1,apne1-az4,3,15.0,30.0,1.0,0.8928,0.2985,66,m6a,General,m,16.0,64.0,33325.586020400006,AMD EPYC 7R13 Processor,AMD EPYC 7R13 Processor,AuthenticAMD
m6a.8xlarge,ap-northeast-1,apne1-az1,3,15.0,20.0,1.5,1.7856,0.5646,68,m6a,General,m,32.0,128.0,33327.5873404,AMD EPYC 7R13 Processor,AMD EPYC 7R13 Processor,AuthenticAMD
m6a.8xlarge,ap-northeast-1,apne1-az2,3,5.0,10.0,1.5,1.7856,0.5327,70,m6a,General,m,32.0,128.0,33327.5873404,AMD EPYC 7R13 Processor,AMD EPYC 7R13 Processor,AuthenticAMD
m6a.8xlarge,ap-northeast-1,apne1-az4,3,5.0,5.0,1.5,1.7856,0.5441,69,m6a,General,m,32.0,128.0,33327.5873404,AMD EPYC 7R13 Processor,AMD EPYC 7R13 Processor,AuthenticAMD
m6a.large,ap-northeast-1,apne1-az1,3,50.0,50.0,2.5,0.1116,0.051,54,m6a,General,m,2.0,8.0,33335.858609400006,AMD EPYC 7R13 Processor,AMD EPYC 7R13 Processor,AuthenticAMD
m6a.large,ap-northeast-1,apne1-az2,3,50.0,50.0,2.5,0.1116,0.0457,59,m6a,General,m,2.0,8.0,33335.858609400006,AMD EPYC 7R13 Processor,AMD EPYC 7R13 Processor,AuthenticAMD
m6a.large,ap-northeast-1,apne1-az4,3,50.0,50.0,2.5,0.1116,0.042,62,m6a,General,m,2.0,8.0,33335.858609400006,AMD EPYC 7R13 Processor,AMD EPYC 7R13 Processor,AuthenticAMD
m6a.xlarge,ap-northeast-1,apne1-az1,3,50.0,50.0,2.0,0.2232,0.0844,62,m6a,General,m,4.0,16.0,33287.7836416,AMD EPYC 7R13 Processor,AMD EPYC 7R13 Processor,AuthenticAMD
m6a.xlarge,ap-northeast-1,apne1-az2,3,50.0,50.0,2.0,0.2232,0.0951,57,m6a,General,m,4.0,16.0,33287.7836416,AMD EPYC 7R13 Processor,AMD EPYC 7R13 Processor,AuthenticAMD
m6a.xlarge,ap-northeast-1,apne1-az4,3,50.0,50.0,2.0,0.2232,0.093,58,m6a,General,m,4.0,16.0,33287.7836416,AMD EPYC 7R13 Processor,AMD EPYC 7R13 Processor,AuthenticAMD
m6g.12xlarge,ap-northeast-1,apne1-az1,3,40.0,50.0,2.0,2.376,0.7557,68,m6g,General,m,48.0,192.0,19342.9599576,AWS Graviton2 Processor,Neoverse-N1,AWS
m6g.12xlarge,ap-northeast-1,apne1-az2,3,1.0,5.0,2.0,2.376,0.7314,69,m6g,General,m,48.0,192.0,19342.9599576,AWS Graviton2 Processor,Neoverse-N1,AWS
m6g.12xlarge,ap-northeast-1,apne1-az4,3,50.0,50.0,2.0,2.376,0.7679,67,m6g,General,m,48.0,192.0,19342.9599576,AWS Graviton2 Processor,Neoverse-N1,AWS
m6g.16xlarge,ap-northeast-1,apne1-az1,3,50.0,50.0,3.0,3.168,0.9812,69,m6g,General,m,64.0,256.0,19336.6024214,AWS Graviton2 Processor,Neoverse-N1,AWS
m6g.16xlarge,ap-northeast-1,apne1-az2,3,5.0,10.0,3.0,3.168,0.9982,68,m6g,General,m,64.0,256.0,19336.6024214,AWS Graviton2 Processor,Neoverse-N1,AWS
m6g.16xlarge,ap-northeast-1,apne1-az4,3,50.0,50.0,3.0,3.168,1.0372,67,m6g,General,m,64.0,256.0,19336.6024214,AWS Graviton2 Processor,Neoverse-N1,AWS
m6g.2xlarge,ap-northeast-1,apne1-az1,3,10.0,20.0,1.5,0.396,0.1443,63,m6g,General,m,8.0,32.0,19342.736360200004,AWS Graviton2 Processor,Neoverse-N1,AWS
m6g.2xlarge,ap-northeast-1,apne1-az2,3,5.0,5.0,1.5,0.396,0.1285,67,m6g,General,m,8.0,32.0,19342.736360200004,AWS Graviton2 Processor,Neoverse-N1,AWS
m6g.2xlarge,ap-northeast-1,apne1-az4,3,35.0,50.0,1.5,0.396,0.1723,56,m6g,General,m,8.0,32.0,19342.736360200004,AWS Graviton2 Processor,Neoverse-N1,AWS
m6g.4xlarge,ap-northeast-1,apne1-az1,3,50.0,50.0,3.0,0.792,0.2409,69,m6g,General,m,16.0,64.0,19335.256272,AWS Graviton2 Processor,Neoverse-N1,AWS
m6g.4xlarge,ap-northeast-1,apne1-az2,3,5.0,10.0,3.0,0.792,0.2368,70,m6g,General,m,16.0,64.0,19335.256272,AWS Graviton2 Processor,Neoverse-N1,AWS
m6g.4xlarge,ap-northeast-1,apne1-az4,3,50.0,50.0,3.0,0.792,0.2669,66,m6g,General,m,16.0,64.0,19335.256272,AWS Graviton2 Processor,Neoverse-N1,AWS
m6g.8xlarge,ap-northeast-1,apne1-az1,3,50.0,50.0,2.0,1.584,0.4803,69,m6g,General,m,32.0,128.0,19339.593148599997,AWS Graviton2 Processor,Neoverse-N1,AWS
m6g.8xlarge,ap-northeast-1,apne1-az2,3,1.0,5.0,2.0,1.584,0.4745,70,m6g,General,m,32.0,128.0,19339.593148599997,AWS Graviton2 Processor,Neoverse-N1,AWS
m6g.8xlarge,ap-northeast-1,apne1-az4,3,50.0,50.0,2.0,1.584,0.5173,67,m6g,General,m,32.0,128.0,19339.593148599997,AWS Graviton2 Processor,Neoverse-N1,AWS
m6g.large,ap-northeast-1,apne1-az1,3,50.0,50.0,3.0,0.099,0.0333,66,m6g,General,m,2.0,8.0,19337.722871600003,AWS Graviton2 Processor,Neoverse-N1,AWS
m6g.large,ap-northeast-1,apne1-az2,3,50.0,50.0,3.0,0.099,0.041,58,m6g,General,m,2.0,8.0,19337.722871600003,AWS Graviton2 Processor,Neoverse-N1,AWS
m6g.large,ap-northeast-1,apne1-az4,3,50.0,50.0,3.0,0.099,0.0374,62,m6g,General,m,2.0,8.0,19337.722871600003,AWS Graviton2 Processor,Neoverse-N1,AWS
m6g.medium,ap-northeast-1,apne1-az1,3,40.0,50.0,3.0,0.0495,0.0166,66,m6g,General,m,1.0,4.0,19328.8387944,AWS Graviton2 Processor,Neoverse-N1,AWS
m6g.medium,ap-northeast-1,apne1-az2,3,5.0,10.0,3.0,0.0495,0.0156,68,m6g,General,m,1.0,4.0,19328.8387944,AWS Graviton2 Processor,Neoverse-N1,AWS
m6g.medium,ap-northeast-1,apne1-az4,3,50.0,50.0,3.0,0.0495,0.0153,69,m6g,General,m,1.0,4.0,19328.8387944,AWS Graviton2 Processor,Neoverse-N1,AWS
m6g.xlarge,ap-northeast-1,apne1-az1,3,50.0,50.0,2.5,0.198,0.0557,71,m6g,General,m,4.0,16.0,19339.4457884,AWS Graviton2 Processor,Neoverse-N1,AWS
m6g.xlarge,ap-northeast-1,apne1-az2,3,50.0,50.0,2.5,0.198,0.0622,68,m6g,General,m,4.0,16.0,19339.4457884,AWS Graviton2 Processor,Neoverse-N1,AWS
m6g.xlarge,ap-northeast-1,apne1-az4,3,50.0,50.0,2.5,0.198,0.0611,69,m6g,General,m,4.0,16.0,19339.4457884,AWS Graviton2 Processor,Neoverse-N1,AWS
m6gd.12xlarge,ap-northeast-1,apne1-az1,3,25.0,35.0,3.0,2.808,0.9079,67,m6gd,General,m,48.0,192.0,19335.2564,AWS Graviton2 Processor,Neoverse-N1,AWS
m6gd.12xlarge,ap-northeast-1,apne1-az2,3,1.0,1.0,3.0,2.808,0.8967,68,m6gd,General,m,48.0,192.0,19335.2564,AWS Graviton2 Processor,Neoverse-N1,AWS
m6gd.12xlarge,ap-northeast-1,apne1-az4,3,15.0,25.0,3.0,2.808,0.9932,64,m6gd,General,m,48.0,192.0,19335.2564,AWS Graviton2 Processor,Neoverse-N1,AWS
m6gd.16xlarge,ap-northeast-1,apne1-az1,3,25.0,35.0,3.0,3.744,1.5456,58,m6gd,General,m,64.0,256.0,19339.2938,AWS Graviton2 Processor,Neoverse-N1,AWS
m6gd.16xlarge,ap-northeast-1,apne1-az2,2,0.0,1.0,3.0,3.744,1.1619,68,m6gd,General,m,64.0,256.0,19339.2938,AWS Graviton2 Processor,Neoverse-N1,AWS
m6gd.16xlarge,ap-northeast-1,apne1-az4,3,35.0,50.0,3.0,3.744,1.1442,69,m6gd,General,m,64.0,256.0,19339.2938,AWS Graviton2 Processor,Neoverse-N1,AWS
m6gd.2xlarge,ap-northeast-1,apne1-az1,3,1.0,5.0,2.0,0.468,0.143,69,m6gd,General,m,8.0,32.0,19333.3108,AWS Graviton2 Processor,Neoverse-N1,AWS
m6gd.2xlarge,ap-northeast-1,apne1-az2,3,1.0,1.0,2.0,0.468,0.1457,68,m6gd,General,m,8.0,32.0,19333.3108,AWS Graviton2 Processor,Neoverse-N1,AWS
m6gd.2xlarge,ap-northeast-1,apne1-az4,3,10.0,15.0,2.0,0.468,0.1788,61,m6gd,General,m,8.0,32.0,19333.3108,AWS Graviton2 Processor,Neoverse-N1,AWS
m6gd.4xlarge,ap-northeast-1,apne1-az1,3,25.0,40.0,1.5,0.936,0.2724,70,m6gd,General,m,16.0,64.0,19333.6849,AWS Graviton2 Processor,Neoverse-N1,AWS
m6gd.4xlarge,ap-northeast-1,apne1-az2,3,1.0,1.0,1.5,0.936,0.304,67,m6gd,General,m,16.0,64.0,19333.6849,AWS Graviton2 Processor,Neoverse-N1,AWS
m6gd.4xlarge,ap-northeast-1,apne1-az4,3,20.0,30.0,1.5,0.936,0.2686,71,m6gd,General,m,16.0,64.0,19333.6849,AWS Graviton2 Processor,Neoverse-N1,AWS
m6gd.8xlarge,ap-northeast-1,apne1-az1,3,5.0,5.0,2.5,1.872,0.5505,70,m6gd,General,m,32.0,128.0,19334.1331,AWS Graviton2 Processor,Neoverse-N1,AWS
m6gd.8xlarge,ap-northeast-1,apne1-az2,2,0.0,1.0,2.5,1.872,0.5436,70,m6gd,General,m,32.0,128.0,19334.1331,AWS Graviton2 Processor,Neoverse-N1,AWS
m6gd.8xlarge,ap-northeast-1,apne1-az4,3,10.0,10.0,2.5,1.872,0.5537,70,m6gd,General,m,32.0,128.0,19334.1331,AWS Graviton2 Processor,Neoverse-N1,AWS
m6gd.large,ap-northeast-1,apne1-az1,3,15.0,20.0,2.5,0.117,0.035,70,m6gd,General,m,2.0,8.0,19339.6689,AWS Graviton2 Processor,Neoverse-N1,AWS
m6gd.large,ap-northeast-1,apne1-az2,3,5.0,5.0,2.5,0.117,0.0343,70,m6gd,General,m,2.0,8.0,19339.6689,AWS Graviton2 Processor,Neoverse-N1,AWS
m6gd.large,ap-northeast-1,apne1-az4,3,20.0,30.0,2.5,0.117,0.0403,65,m6gd,General,m,2.0,8.0,19339.6689,AWS Graviton2 Processor,Neoverse-N1,AWS
m6gd.medium,ap-northeast-1,apne1-az1,3,10.0,20.0,2.5,0.0585,0.0193,67,m6gd,General,m,1.0,4.0,19334.5127,AWS Graviton2 Processor,Neoverse-N1,AWS
m6gd.medium,ap-northeast-1,apne1-az2,3,1.0,1.0,2.5,0.0585,0.0177,69,m6gd,General,m,1.0,4.0,19334.5127,AWS Graviton2 Processor,Neoverse-N1,AWS
m6gd.medium,ap-northeast-1,apne1-az4,3,15.0,25.0,2.5,0.0585,0.0188,67,m6gd,General,m,1.0,4.0,19334.5127,AWS Graviton2 Processor,Neoverse-N1,AWS
m6gd.xlarge,ap-northeast-1,apne1-az1,3,10.0,15.0,2.0,0.234,0.0654,72,m6gd,General,m,4.0,16.0,19336.1573,AWS Graviton2 Processor,Neoverse-N1,AWS
m6gd.xlarge,ap-northeast-1,apne1-az2,3,5.0,10.0,2.0,0.234,0.0731,68,m6gd,General,m,4.0,16.0,19336.1573,AWS Graviton2 Processor,Neoverse-N1,AWS
m6gd.xlarge,ap-northeast-1,apne1-az4,3,10.0,10.0,2.0,0.234,0.0734,68,m6gd,General,m,4.0,16.0,19336.1573,AWS Graviton2 Processor,Neoverse-N1,AWS
m6i.12xlarge,ap-northeast-1,apne1-az1,3,5.0,10.0,1.5,2.976,0.8961,69,m6i,General,m,48.0,192.0,28913.2309054,Intel(R) Xeon(R) Platinum 8375C CPU @ 2.90GHz,Intel(R) Xeon(R) Platinum 8375C CPU @ 2.90GHz,Intel
m6i.12xlarge,ap-northeast-1,apne1-az2,3,5.0,10.0,1.5,2.976,0.8643,70,m6i,General,m,48.0,192.0,28913.2309054,Intel(R) Xeon(R) Platinum 8375C CPU @ 2.90GHz,Intel(R) Xeon(R) Platinum 8375C CPU @ 2.90GHz,Intel
m6i.12xlarge,ap-northeast-1,apne1-az4,3,10.0,15.0,1.5,2.976,0.9147,69,m6i,General,m,48.0,192.0,28913.2309054,Intel(R) Xeon(R) Platinum 8375C CPU @ 2.90GHz,Intel(R) Xeon(R) Platinum 8375C CPU @ 2.90GHz,Intel
m6i.16xlarge,ap-northeast-1,apne1-az1,3,5.0,10.0,1.0,3.968,1.284,67,m6i,General,m,64.0,256.0,29031.286877600003,Intel(R) Xeon(R) Platinum 8375C CPU @ 2.90GHz,Intel(R) Xeon(R) Platinum 8375C CPU @ 2.90GHz,Intel
m6i.16xlarge,ap-northeast-1,apne1-az2,3,1.0,1.0,1.0,3.968,1.1432,71,m6i,General,m,64.0,256.0,29031.286877600003,Intel(R) Xeon(R) Platinum 8375C CPU @ 2.90GHz,Intel(R) Xeon(R) Platinum 8375C CPU @ 2.90GHz,Intel
m6i.16xlarge,ap-northeast-1,apne1-az4,3,5.0,5.0,1.0,3.968,1.167,70,m6i,General,m,64.0,256.0,29031.286877600003,Intel(R) Xeon(R) Platinum 8375C CPU @ 2.90GHz,Intel(R) Xeon(R) Platinum 8375C CPU @ 2.90GHz,Intel
m6i.24xlarge,ap-northeast-1,apne1-az1,3,1.0,5.0,1.0,5.952,1.8146,69,m6i,General,m,96.0,384.0,29004.035257,Intel(R) Xeon(R) Platinum 8375C CPU @ 2.90GHz,Intel(R) Xeon(R) Platinum 8375C CPU @ 2.90GHz,Intel
m6i.24xlarge,ap-northeast-1,apne1-az2,3,1.0,1.0,1.0,5.952,1.7299,70,m6i,General,m,96.0,384.0,29004.035257,Intel(R) Xeon(R) Platinum 8375C CPU @ 2.90GHz,Intel(R) Xeon(R) Platinum 8375C CPU @ 2.90GHz,Intel
m6i.24xlarge,ap-northeast-1,apne1-az4,1,0.0,0.0,1.0,5.952,1.6467,72,m6i,General,m,96.0,384.0,29004.035257,Intel(R) Xeon(R) Platinum 8375C CPU @ 2.90GHz,Intel(R) Xeon(R) Platinum 8375C CPU @ 2.90GHz,Intel
m6i.2xlarge,ap-northeast-1,apne1-az1,3,25.0,45.0,1.0,0.496,0.1584,68,m6i,General,m,8.0,32.0,28957.3014792,Intel(R) Xeon(R) Platinum 8375C CPU @ 2.90GHz,Intel(R) Xeon(R) Platinum 8375C CPU @ 2.90GHz,Intel
m6i.2xlarge,ap-northeast-1,apne1-az2,3,20.0,30.0,1.0,0.496,0.1782,64,m6i,General,m,8.0,32.0,28957.3014792,Intel(R) Xeon(R) Platinum 8375C CPU @ 2.90GHz,Intel(R) Xeon(R) Platinum 8375C CPU @ 2.90GHz,Intel
m6i.2xlarge,ap-northeast-1,apne1-az4,3,50.0,50.0,1.0,0.496,0.17,65,m6i,General,m,8.0,32.0,28957.3014792,Intel(R) Xeon(R) Platinum 8375C CPU @ 2.90GHz,Intel(R) Xeon(R) Platinum 8375C CPU @ 2.90GHz,Intel
m6i.32xlarge,ap-northeast-1,apne1-az1,2,0.0,1.0,1.0,7.936,2.4023,69,m6i,General,m,128.0,512.0,28895.912892,Intel(R) Xeon(R) Platinum 8375C CPU @ 2.90GHz,Intel(R) Xeon(R) Platinum 8375C CPU @ 2.90GHz,Intel
m6i.32xlarge,ap-northeast-1,apne1-az2,3,1.0,1.0,1.0,7.936,2.4277,69,m6i,General,m,128.0,512.0,28895.912892,Intel(R) Xeon(R) Platinum 8375C CPU @ 2.90GHz,Intel(R) Xeon(R) Platinum 8375C CPU @ 2.90GHz,Intel
m6i.32xlarge,ap-northeast-1,apne1-az4,1,0.0,0.0,1.0,7.936,2.3179,70,m6i,General,m,128.0,512.0,28895.912892,Intel(R) Xeon(R) Platinum 8375C CPU @ 2.90GHz,Intel(R) Xeon(R) Platinum 8375C CPU @ 2.90GHz,Intel
m6i.4xlarge,ap-northeast-1,apne1-az1,3,25.0,40.0,1.0,0.992,0.3633,63,m6i,General,m,16.0,64.0,28994.1645516,Intel(R) Xeon(R) Platinum 8375C CPU @ 2.90GHz,Intel(R) Xeon(R) Platinum 8375C CPU @ 2.90GHz,Intel
m6i.4xlarge,ap-northeast-1,apne1-az2,3,25.0,35.0,1.0,0.992,0.3763,62,m6i,General,m,16.0,64.0,28994.1645516,Intel(R) Xeon(R) Platinum 8375C CPU @ 2.90GHz,Intel(R) Xeon(R) Platinum 8375C CPU @ 2.90GHz,Intel
m6i.4xlarge,ap-northeast-1,apne1-az4,3,30.0,50.0,1.0,0.992,0.4211,57,m6i,General,m,16.0,64.0,28994.1645516,Intel(R) Xeon(R) Platinum 8375C CPU @ 2.90GHz,Intel(R) Xeon(R) Platinum 8375C CPU @ 2.90GHz,Intel
m6i.8xlarge,ap-northeast-1,apne1-az1,3,15.0,20.0,1.0,1.984,0.6205,68,m6i,General,m,32.0,128.0,28994.7648462,Intel(R) Xeon(R) Platinum 8375C CPU @ 2.90GHz,Intel(R) Xeon(R) Platinum 8375C CPU @ 2.90GHz,Intel
m6i.8xlarge,ap-northeast-1,apne1-az2,3,15.0,25.0,1.0,1.984,0.6336,68,m6i,General,m,32.0,128.0,28994.7648462,Intel(R) Xeon(R) Platinum 8375C CPU @ 2.90GHz,Intel(R) Xeon(R) Platinum 8375C CPU @ 2.90GHz,Intel
m6i.8xlarge,ap-northeast-1,apne1-az4,3,20.0,35.0,1.0,1.984,0.676,65,m6i,General,m,32.0,128.0,28994.7648462,Intel(R) Xeon(R) Platinum 8375C CPU @ 2.90GHz,Intel(R) Xeon(R) Platinum 8375C CPU @ 2.90GHz,Intel
m6i.large,ap-northeast-1,apne1-az1,3,50.0,50.0,2.0,0.124,0.0475,61,m6i,General,m,2.0,8.0,28952.036365,Intel(R) Xeon(R) Platinum 8375C CPU @ 2.90GHz,Intel(R) Xeon(R) Platinum 8375C CPU @ 2.90GHz,Intel
m6i.large,ap-northeast-1,apne1-az2,3,50.0,50.0,2.0,0.124,0.0396,68,m6i,General,m,2.0,8.0,28952.036365,Intel(R) Xeon(R) Platinum 8375C CPU @ 2.90GHz,Intel(R) Xeon(R) Platinum 8375C CPU @ 2.90GHz,Intel
m6i.large,ap-northeast-1,apne1-az4,3,50.0,50.0,2.0,0.124,0.0402,67,m6i,General,m,2.0,8.0,28952.036365,Intel(R) Xeon(R) Platinum 8375C CPU @ 2.90GHz,Intel(R) Xeon(R) Platinum 8375C CPU @ 2.90GHz,Intel
m6i.xlarge,ap-northeast-1,apne1-az1,3,50.0,50.0,2.0,0.248,0.08,67,m6i,General,m,4.0,16.0,28989.554274,Intel(R) Xeon(R) Platinum 8375C CPU @ 2.90GHz,Intel(R) Xeon(R) Platinum 8375C CPU @ 2.90GHz,Intel
m6i.xlarge,ap-northeast-1,apne1-az2,3,50.0,50.0,2.0,0.248,0.0878,64,m6i,General,m,4.0,16.0,28989.554274,Intel(R) Xeon(R) Platinum 8375C CPU @ 2.90GHz,Intel(R) Xeon(R) Platinum 8375C CPU @ 2.90GHz,Intel
m6i.xlarge,ap-northeast-1,apne1-az4,3,50.0,50.0,2.0,0.248,0.0866,65,m6i,General,m,4.0,16.0,28989.554274,Intel(R) Xeon(R) Platinum 8375C CPU @ 2.90GHz,Intel(R) Xeon(R) Platinum 8375C CPU @ 2.90GHz,Intel
m6id.12xlarge,ap-northeast-1,apne1-az1,3,1.0,5.0,1.5,3.6792,1.0908,70,m6id,General,m,48.0,192.0,29006.2224,Intel(R) Xeon(R) Platinum 8375C CPU @ 2.90GHz,Intel(R) Xeon(R) Platinum 8375C CPU @ 2.90GHz,Intel
m6id.12xlarge,ap-northeast-1,apne1-az2,3,1.0,1.0,1.5,3.6792,1.0652,71,m6id,General,m,48.0,192.0,29006.2224,Intel(R) Xeon(R) Platinum 8375C CPU @ 2.90GHz,Intel(R) Xeon(R) Platinum 8375C CPU @ 2.90GHz,Intel
m6id.12xlarge,ap-northeast-1,apne1-az4,3,1.0,1.0,1.5,3.6792,1.1311,69,m6id,General,m,48.0,192.0,29006.2224,Intel(R) Xeon(R) Platinum 8375C CPU @ 2.90GHz,Intel(R) Xeon(R) Platinum 8375C CPU @ 2.90GHz,Intel
m6id.16xlarge,ap-northeast-1,apne1-az1,3,1.0,1.0,2.5,4.9056,1.3578,72,m6id,General,m,64.0,256.0,28989.1026,Intel(R) Xeon(R) Platinum 8375C CPU @ 2.90GHz,Intel(R) Xeon(R) Platinum 8375C CPU @ 2.90GHz,Intel
m6id.16xlarge,ap-northeast-1,apne1-az2,3,1.0,1.0,2.5,4.9056,1.515,69,m6id,General,m,64.0,256.0,28989.1026,Intel(R) Xeon(R) Platinum 8375C CPU @ 2.90GHz,Intel(R) Xeon(R) Platinum 8375C CPU @ 2.90GHz,Intel
m6id.16xlarge,ap-northeast-1,apne1-az4,3,1.0,1.0,2.5,4.9056,1.346,72,m6id,General,m,64.0,256.0,28989.1026,Intel(R) Xeon(R) Platinum 8375C CPU @ 2.90GHz,Intel(R) Xeon(R) Platinum 8375C CPU @ 2.90GHz,Intel
m6id.24xlarge,ap-northeast-1,apne1-az1,3,1.0,1.0,1.5,7.3584,2.3416,68,m6id,General,m,96.0,384.0,28993.1075,Intel(R) Xeon(R) Platinum 8375C CPU @ 2.90GHz,Intel(R) Xeon(R) Platinum 8375C CPU @ 2.90GHz,Intel
m6id.24xlarge,ap-northeast-1,apne1-az2,3,1.0,1.0,1.5,7.3584,2.248,69,m6id,General,m,96.0,384.0,28993.1075,Intel(R) Xeon(R) Platinum 8375C CPU @ 2.90GHz,Intel(R) Xeon(R) Platinum 8375C CPU @ 2.90GHz,Intel
m6id.24xlarge,ap-northeast-1,apne1-az4,2,0.0,1.0,1.5,7.3584,2.4161,67,m6id,General,m,96.0,384.0,28993.1075,Intel(R) Xeon(R) Platinum 8375C CPU @ 2.90GHz,Intel(R) Xeon(R) Platinum 8375C CPU @ 2.90GHz,Intel
m6id.2xlarge,ap-northeast-1,apne1-az1,3,5.0,5.0,1.0,0.6132,0.1868,69,m6id,General,m,8.0,32.0,28974.4533,Intel(R) Xeon(R) Platinum 8375C CPU @ 2.90GHz,Intel(R) Xeon(R) Platinum 8375C CPU @ 2.90GHz,Intel
m6id.2xlarge,ap-northeast-1,apne1-az2,3,5.0,5.0,1.0,0.6132,0.2049,66,m6id,General,m,8.0,32.0,28974.4533,Intel(R) Xeon(R) Platinum 8375C CPU @ 2.90GHz,Intel(R) Xeon(R) Platinum 8375C CPU @ 2.90GHz,Intel
m6id.2xlarge,ap-northeast-1,apne1-az4,3,1.0,1.0,1.0,0.6132,0.1864,69,m6id,General,m,8.0,32.0,28974.4533,Intel(R) Xeon(R) Platinum 8375C CPU @ 2.90GHz,Intel(R) Xeon(R) Platinum 8375C CPU @ 2.90GHz,Intel
m6id.32xlarge,ap-northeast-1,apne1-az1,3,1.0,1.0,2.0,9.8112,2.8682,70,m6id,General,m,128.0,512.0,28945.2239,Intel(R) Xeon(R) Platinum 8375C CPU @ 2.90GHz,Intel(R) Xeon(R) Platinum 8375C CPU @ 2.90GHz,Intel
m6id.32xlarge,ap-northeast-1,apne1-az2,2,0.0,1.0,2.0,9.8112,2.9498,69,m6id,General,m,128.0,512.0,28945.2239,Intel(R) Xeon(R) Platinum 8375C CPU @ 2.90GHz,Intel(R) Xeon(R) Platinum 8375C CPU @ 2.90GHz,Intel
m6id.32xlarge,ap-northeast-1,apne1-az4,1,0.0,0.0,2.0,9.8112,3.1364,68,m6id,General,m,128.0,512.0,28945.2239,Intel(R) Xeon(R) Platinum 8375C CPU @ 2.90GHz,Intel(R) Xeon(R) Platinum 8375C CPU @ 2.90GHz,Intel
m6id.4xlarge,ap-northeast-1,apne1-az1,3,15.0,25.0,1.0,1.2264,0.3559,70,m6id,General,m,16.0,64.0,28930.3902,Intel(R) Xeon(R) Platinum 8375C CPU @ 2.90GHz,Intel(R) Xeon(R) Platinum 8375C CPU @ 2.90GHz,Intel
m6id.4xlarge,ap-northeast-1,apne1-az2,3,10.0,15.0,1.0,1.2264,0.3966,67,m6id,General,m,16.0,64.0,28930.3902,Intel(R) Xeon(R) Platinum 8375C CPU @ 2.90GHz,Intel(R) Xeon(R) Platinum 8375C CPU @ 2.90GHz,Intel
m6id.4xlarge,ap-northeast-1,apne1-az4,3,1.0,5.0,1.0,1.2264,0.447,63,m6id,General,m,16.0,64.0,28930.3902,Intel(R) Xeon(R) Platinum 8375C CPU @ 2.90GHz,Intel(R) Xeon(R) Platinum 8375C CPU @ 2.90GHz,Intel
m6id.8xlarge,ap-northeast-1,apne1-az1,3,1.0,1.0,1.5,2.4528,0.7268,70,m6id,General,m,32.0,128.0,29002.8556,Intel(R) Xeon(R) Platinum 8375C CPU @ 2.90GHz,Intel(R) Xeon(R) Platinum 8375C CPU @ 2.90GHz,Intel
m6id.8xlarge,ap-northeast-1,apne1-az2,3,1.0,1.0,1.5,2.4528,0.7824,68,m6id,General,m,32.0,128.0,29002.8556,Intel(R) Xeon(R) Platinum 8375C CPU @ 2.90GHz,Intel(R) Xeon(R) Platinum 8375C CPU @ 2.90GHz,Intel
m6id.8xlarge,ap-northeast-1,apne1-az4,3,1.0,1.0,1.5,2.4528,0.8125,66,m6id,General,m,32.0,128.0,29002.8556,Intel(R) Xeon(R) Platinum 8375C CPU @ 2.90GHz,Intel(R) Xeon(R) Platinum 8375C CPU @ 2.90GHz,Intel
m6id.large,ap-northeast-1,apne1-az1,3,15.0,25.0,2.0,0.1533,0.0449,70,m6id,General,m,2.0,8.0,28969.0605,Intel(R) Xeon(R) Platinum 8375C CPU @ 2.90GHz,Intel(R) Xeon(R) Platinum 8375C CPU @ 2.90GHz,Intel
m6id.large,ap-northeast-1,apne1-az2,3,1.0,5.0,2.0,0.1533,0.0451,70,m6id,General,m,2.0,8.0,28969.0605,Intel(R) Xeon(R) Platinum 8375C CPU @ 2.90GHz,Intel(R) Xeon(R) Platinum 8375C CPU @ 2.90GHz,Intel
m6id.large,ap-northeast-1,apne1-az4,3,10.0,15.0,2.0,0.1533,0.046,69,m6id,General,m,2.0,8.0,28969.0605,Intel(R) Xeon(R) Platinum 8375C CPU @ 2.90GHz,Intel(R) Xeon(R) Platinum 8375C CPU @ 2.90GHz,Intel
m6id.xlarge,ap-northeast-1,apne1-az1,3,10.0,15.0,1.0,0.3066,0.1057,65,m6id,General,m,4.0,16.0,28983.8346,Intel(R) Xeon(R) Platinum 8375C CPU @ 2.90GHz,Intel(R) Xeon(R) Platinum 8375C CPU @ 2.90GHz,Intel
m6id.xlarge,ap-northeast-1,apne1-az2,3,1.0,1.0,1.0,0.3066,0.0924,69,m6id,General,m,4.0,16.0,28983.8346,Intel(R) Xeon(R) Platinum 8375C CPU @ 2.90GHz,Intel(R) Xeon(R) Platinum 8375C CPU @ 2.90GHz,Intel
m6id.xlarge,ap-northeast-1,apne1-az4,3,5.0,10.0,1.0,0.3066,0.0936,69,m6id,General,m,4.0,16.0,28983.8346,Intel(R) Xeon(R) Platinum 8375C CPU @ 2.90GHz,Intel(R) Xeon(R) Platinum 8375C CPU @ 2.90GHz,Intel
m6idn.12xlarge,ap-northeast-1,apne1-az1,3,1.0,1.0,1.5,4.914,1.4823,69,m6idn,General,m,48.0,192.0,29012.5965,Intel(R) Xeon(R) Platinum 8375C CPU @ 2.90GHz,Intel(R) Xeon(R) Platinum 8375C CPU @ 2.90GHz,Intel
m6idn.12xlarge,ap-northeast-1,apne1-az2,3,1.0,1.0,1.5,4.914,1.6189,67,m6idn,General,m,48.0,192.0,29012.5965,Intel(R) Xeon(R) Platinum 8375C CPU @ 2.90GHz,Intel(R) Xeon(R) Platinum 8375C CPU @ 2.90GHz,Intel
m6idn.12xlarge,ap-northeast-1,apne1-az4,3,1.0,1.0,1.5,4.914,1.4923,69,m6idn,General,m,48.0,192.0,29012.5965,Intel(R) Xeon(R) Platinum 8375C CPU @ 2.90GHz,Intel(R) Xeon(R) Platinum 8375C CPU @ 2.90GHz,Intel
m6idn.16xlarge,ap-northeast-1,apne1-az1,3,1.0,1.0,3.0,6.552,2.1018,67,m6idn,General,m,64.0,256.0,29002.4238,Intel(R) Xeon(R) Platinum 8375C CPU @ 2.90GHz,Intel(R) Xeon(R) Platinum 8375C CPU @ 2.90GHz,Intel
m6idn.16xlarge,ap-northeast-1,apne1-az2,3,1.0,1.0,3.0,6.552,1.9076,70,m6idn,General,m,64.0,256.0,29002.4238,Intel(R) Xeon(R) Platinum 8375C CPU @ 2.90GHz,Intel(R) Xeon(R) Platinum 8375C CPU @ 2.90GHz,Intel
m6idn.16xlarge,ap-northeast-1,apne1-az4,2,0.0,1.0,3.0,6.552,2.0513,68,m6idn,General,m,64.0,256.0,29002.4238,Intel(R) Xeon(R) Platinum 8375C CPU @ 2.90GHz,Intel(R) Xeon(R) Platinum 8375C CPU @ 2.90GHz,Intel
m6idn.24xlarge,ap-northeast-1,apne1-az1,3,1.0,1.0,3.0,9.828,2.9031,70,m6idn,General,m,96.0,384.0,29008.9116,Intel(R) Xeon(R) Platinum 8375C CPU @ 2.90GHz,Intel(R) Xeon(R) Platinum 8375C CPU @ 2.90GHz,Intel
m6idn.24xlarge,ap-northeast-1,apne1-az2,3,1.0,1.0,3.0,9.828,4.762,51,m6idn,General,m,96.0,384.0,29008.9116,Intel(R) Xeon(R) Platinum 8375C CPU @ 2.90GHz,Intel(R) Xeon(R) Platinum 8375C CPU @ 2.90GHz,Intel
m6idn.24xlarge,ap-northeast-1,apne1-az4,2,0.0,1.0,3.0,9.828,3.1031,68,m6idn,General,m,96.0,384.0,29008.9116,Intel(R) Xeon(R) Platinum 8375C CPU @ 2.90GHz,Intel(R) Xeon(R) Platinum 8375C CPU @ 2.90GHz,Intel
m6idn.2xlarge,ap-northeast-1,apne1-az1,3,10.0,15.0,3.0,0.819,0.2383,70,m6idn,General,m,8.0,32.0,29019.6649,Intel(R) Xeon(R) Platinum 8375C CPU @ 2.90GHz,Intel(R) Xeon(R) Platinum 8375C CPU @ 2.90GHz,Intel
m6idn.2xlarge,ap-northeast-1,apne1-az2,3,10.0,20.0,3.0,0.819,0.2483,69,m6idn,General,m,8.0,32.0,29019.6649,Intel(R) Xeon(R) Platinum 8375C CPU @ 2.90GHz,Intel(R) Xeon(R) Platinum 8375C CPU @ 2.90GHz,Intel
m6idn.2xlarge,ap-northeast-1,apne1-az4,3,1.0,1.0,3.0,0.819,0.2353,71,m6idn,General,m,8.0,32.0,29019.6649,Intel(R) Xeon(R) Platinum 8375C CPU @ 2.90GHz,Intel(R) Xeon(R) Platinum 8375C CPU @ 2.90GHz,Intel
m6idn.32xlarge,ap-northeast-1,apne1-az1,3,15.0,20.0,3.0,13.104,4.0352,69,m6idn,General,m,128.0,512.0,28998.9751,Intel(R) Xeon(R) Platinum 8375C CPU @ 2.90GHz,Intel(R) Xeon(R) Platinum 8375C CPU @ 2.90GHz,Intel
m6idn.32xlarge,ap-northeast-1,apne1-az2,3,20.0,30.0,3.0,13.104,6.3258,51,m6idn,General,m,128.0,512.0,28998.9751,Intel(R) Xeon(R) Platinum 8375C CPU @ 2.90GHz,Intel(R) Xeon(R) Platinum 8375C CPU @ 2.90GHz,Intel
m6idn.32xlarge,ap-northeast-1,apne1-az4,3,1.0,5.0,3.0,13.104,8.3866,35,m6idn,General,m,128.0,512.0,28998.9751,Intel(R) Xeon(R) Platinum 8375C CPU @ 2.90GHz,Intel(R) Xeon(R) Platinum 8375C CPU @ 2.90GHz,Intel
m6idn.4xlarge,ap-northeast-1,apne1-az1,3,5.0,5.0,2.5,1.638,0.4671,71,m6idn,General,m,16.0,64.0,28977.9684,Intel(R) Xeon(R) Platinum 8375C CPU @ 2.90GHz,Intel(R) Xeon(R) Platinum 8375C CPU @ 2.90GHz,Intel
m6idn.4xlarge,ap-northeast-1,apne1-az2,3,5.0,10.0,2.5,1.638,0.5207,68,m6idn,General,m,16.0,64.0,28977.9684,Intel(R) Xeon(R) Platinum 8375C CPU @ 2.90GHz,Intel(R) Xeon(R) Platinum 8375C CPU @ 2.90GHz,Intel
m6idn.4xlarge,ap-northeast-1,apne1-az4,3,1.0,1.0,2.5,1.638,0.5355,67,m6idn,General,m,16.0,64.0,28977.9684,Intel(R) Xeon(R) Platinum 8375C CPU @ 2.90GHz,Intel(R) Xeon(R) Platinum 8375C CPU @ 2.90GHz,Intel
m6idn.8xlarge,ap-northeast-1,apne1-az1,3,1.0,1.0,2.5,3.276,1.0068,69,m6idn,General,m,32.0,128.0,29005.3528,Intel(R) Xeon(R) Platinum 8375C CPU @ 2.90GHz,Intel(R) Xeon(R) Platinum 8375C CPU @ 2.90GHz,Intel
m6idn.8xlarge,ap-northeast-1,apne1-az2,3,1.0,1.0,2.5,3.276,1.107,66,m6idn,General,m,32.0,128.0,29005.3528,Intel(R) Xeon(R) Platinum 8375C CPU @ 2.90GHz,Intel(R) Xeon(R) Platinum 8375C CPU @ 2.90GHz,Intel
m6idn.8xlarge,ap-northeast-1,apne1-az4,2,0.0,1.0,2.5,3.276,0.9445,71,m6idn,General,m,32.0,128.0,29005.3528,Intel(R) Xeon(R) Platinum 8375C CPU @ 2.90GHz,Intel(R) Xeon(R) Platinum 8375C CPU @ 2.90GHz,Intel
m6idn.large,ap-northeast-1,apne1-az1,3,45.0,50.0,3.0,0.20475,0.0602,70,m6idn,General,m,2.0,8.0,28982.9884,Intel(R) Xeon(R) Platinum 8375C CPU @ 2.90GHz,Intel(R) Xeon(R) Platinum 8375C CPU @ 2.90GHz,Intel
m6idn.large,ap-northeast-1,apne1-az2,3,50.0,50.0,3.0,0.20475,0.0607,70,m6idn,General,m,2.0,8.0,28982.9884,Intel(R) Xeon(R) Platinum 8375C CPU @ 2.90GHz,Intel(R) Xeon(R) Platinum 8375C CPU @ 2.90GHz,Intel
m6idn.large,ap-northeast-1,apne1-az4,3,15.0,20.0,3.0,0.20475,0.0641,68,m6idn,General,m,2.0,8.0,28982.9884,Intel(R) Xeon(R) Platinum 8375C CPU @ 2.90GHz,Intel(R) Xeon(R) Platinum 8375C CPU @ 2.90GHz,Intel
m6idn.xlarge,ap-northeast-1,apne1-az1,3,15.0,30.0,2.0,0.4095,0.1312,67,m6idn,General,m,4.0,16.0,28988.2075,Intel(R) Xeon(R) Platinum 8375C CPU @ 2.90GHz,Intel(R) Xeon(R) Platinum 8375C CPU @ 2.90GHz,Intel
m6idn.xlarge,ap-northeast-1,apne1-az2,3,30.0,45.0,2.0,0.4095,0.1294,68,m6idn,General,m,4.0,16.0,28988.2075,Intel(R) Xeon(R) Platinum 8375C CPU @ 2.90GHz,Intel(R) Xeon(R) Platinum 8375C CPU @ 2.90GHz,Intel
m6idn.xlarge,ap-northeast-1,apne1-az4,3,5.0,10.0,2.0,0.4095,0.1201,70,m6idn,General,m,4.0,16.0,28988.2075,Intel(R) Xeon(R) Platinum 8375C CPU @ 2.90GHz,Intel(R) Xeon(R) Platinum 8375C CPU @ 2.90GHz,Intel
m6in.12xlarge,ap-northeast-1,apne1-az1,3,1.0,1.0,3.0,4.29624,1.3321,68,m6in,General,m,48.0,192.0,29039.0516654,Intel(R) Xeon(R) Platinum 8375C CPU @ 2.90GHz,Intel(R) Xeon(R) Platinum 8375C CPU @ 2.90GHz,Intel
m6in.12xlarge,ap-northeast-1,apne1-az2,3,1.0,1.0,3.0,4.29624,1.2699,70,m6in,General,m,48.0,192.0,29039.0516654,Intel(R) Xeon(R) Platinum 8375C CPU @ 2.90GHz,Intel(R) Xeon(R) Platinum 8375C CPU @ 2.90GHz,Intel
m6in.12xlarge,ap-northeast-1,apne1-az4,3,1.0,1.0,3.0,4.29624,1.4691,65,m6in,General,m,48.0,192.0,29039.0516654,Intel(R) Xeon(R) Platinum 8375C CPU @ 2.90GHz,Intel(R) Xeon(R) Platinum 8375C CPU @ 2.90GHz,Intel
m6in.16xlarge,ap-northeast-1,apne1-az1,3,1.0,1.0,3.0,5.72832,2.6118,54,m6in,General,m,64.0,256.0,29037.869522,Intel(R) Xeon(R) Platinum 8375C CPU @ 2.90GHz,Intel(R) Xeon(R) Platinum 8375C CPU @ 2.90GHz,Intel
m6in.16xlarge,ap-northeast-1,apne1-az2,3,1.0,1.0,3.0,5.72832,1.8145,68,m6in,General,m,64.0,256.0,29037.869522,Intel(R) Xeon(R) Platinum 8375C CPU @ 2.90GHz,Intel(R) Xeon(R) Platinum 8375C CPU @ 2.90GHz,Intel
m6in.16xlarge,ap-northeast-1,apne1-az4,2,0.0,1.0,3.0,5.72832,2.0018,65,m6in,General,m,64.0,256.0,29037.869522,Intel(R) Xeon(R) Platinum 8375C CPU @ 2.90GHz,Intel(R) Xeon(R) Platinum 8375C CPU @ 2.90GHz,Intel
m6in.24xlarge,ap-northeast-1,apne1-az1,3,1.0,1.0,3.0,8.59248,3.5116,59,m6in,General,m,96.0,384.0,29004.426484400006,Intel(R) Xeon(R) Platinum 8375C CPU @ 2.90GHz,Intel(R) Xeon(R) Platinum 8375C CPU @ 2.90GHz,Intel
m6in.24xlarge,ap-northeast-1,apne1-az2,3,1.0,1.0,3.0,8.59248,3.1195,63,m6in,General,m,96.0,384.0,29004.426484400006,Intel(R) Xeon(R) Platinum 8375C CPU @ 2.90GHz,Intel(R) Xeon(R) Platinum 8375C CPU @ 2.90GHz,Intel
m6in.24xlarge,ap-northeast-1,apne1-az4,2,0.0,1.0,3.0,8.59248,3.478,59,m6in,General,m,96.0,384.0,29004.426484400006,Intel(R) Xeon(R) Platinum 8375C CPU @ 2.90GHz,Intel(R) Xeon(R) Platinum 8375C CPU @ 2.90GHz,Intel
m6in.2xlarge,ap-northeast-1,apne1-az1,3,5.0,10.0,2.0,0.71604,0.2431,66,m6in,General,m,8.0,32.0,28953.057775200003,Intel(R) Xeon(R) Platinum 8375C CPU @ 2.90GHz,Intel(R) Xeon(R) Platinum 8375C CPU @ 2.90GHz,Intel
m6in.2xlarge,ap-northeast-1,apne1-az2,3,10.0,20.0,2.0,0.71604,0.2232,68,m6in,General,m,8.0,32.0,28953.057775200003,Intel(R) Xeon(R) Platinum 8375C CPU @ 2.90GHz,Intel(R) Xeon(R) Platinum 8375C CPU @ 2.90GHz,Intel
m6in.2xlarge,ap-northeast-1,apne1-az4,3,5.0,5.0,2.0,0.71604,0.2461,65,m6in,General,m,8.0,32.0,28953.057775200003,Intel(R) Xeon(R) Platinum 8375C CPU @ 2.90GHz,Intel(R) Xeon(R) Platinum 8375C CPU @ 2.90GHz,Intel
m6in.32xlarge,ap-northeast-1,apne1-az1,3,1.0,1.0,2.5,11.45664,3.8988,65,m6in,General,m,128.0,512.0,29032.808087200003,Intel(R) Xeon(R) Platinum 8375C CPU @ 2.90GHz,Intel(R) Xeon(R) Platinum 8375C CPU @ 2.90GHz,Intel
m6in.32xlarge,ap-northeast-1,apne1-az2,3,1.0,1.0,2.5,11.45664,5.4264,52,m6in,General,m,128.0,512.0,29032.808087200003,Intel(R) Xeon(R) Platinum 8375C CPU @ 2.90GHz,Intel(R) Xeon(R) Platinum 8375C CPU @ 2.90GHz,Intel
m6in.32xlarge,ap-northeast-1,apne1-az4,2,0.0,1.0,2.5,11.45664,3.4365,70,m6in,General,m,128.0,512.0,29032.808087200003,Intel(R) Xeon(R) Platinum 8375C CPU @ 2.90GHz,Intel(R) Xeon(R) Platinum 8375C CPU @ 2.90GHz,Intel
m6in.4xlarge,ap-northeast-1,apne1-az1,3,5.0,10.0,3.0,1.43208,0.4561,68,m6in,General,m,16.0,64.0,28968.217807599995,Intel(R) Xeon(R) Platinum 8375C CPU @ 2.90GHz,Intel(R) Xeon(R) Platinum 8375C CPU @ 2.90GHz,Intel
m6in.4xlarge,ap-northeast-1,apne1-az2,3,5.0,10.0,3.0,1.43208,0.4544,68,m6in,General,m,16.0,64.0,28968.217807599995,Intel(R) Xeon(R) Platinum 8375C CPU @ 2.90GHz,Intel(R) Xeon(R) Platinum 8375C CPU @ 2.90GHz,Intel
m6in.4xlarge,ap-northeast-1,apne1-az4,3,5.0,5.0,3.0,1.43208,0.6407,55,m6in,General,m,16.0,64.0,28968.217807599995,Intel(R) Xeon(R) Platinum 8375C CPU @ 2.90GHz,Intel(R) Xeon(R) Platinum 8375C CPU @ 2.90GHz,Intel
m6in.8xlarge,ap-northeast-1,apne1-az1,3,1.0,1.0,3.0,2.86416,0.8999,68,m6in,General,m,32.0,128.0,28951.3269578,Intel(R) Xeon(R) Platinum 8375C CPU @ 2.90GHz,Intel(R) Xeon(R) Platinum 8375C CPU @ 2.90GHz,Intel
m6in.8xlarge,ap-northeast-1,apne1-az2,3,1.0,5.0,3.0,2.86416,0.9557,66,m6in,General,m,32.0,128.0,28951.3269578,Intel(R) Xeon(R) Platinum 8375C CPU @ 2.90GHz,Intel(R) Xeon(R) Platinum 8375C CPU @ 2.90GHz,Intel
m6in.8xlarge,ap-northeast-1,apne1-az4,3,1.0,1.0,3.0,2.86416,1.0621,62,m6in,General,m,32.0,128.0,28951.3269578,Intel(R) Xeon(R) Platinum 8375C CPU @ 2.90GHz,Intel(R) Xeon(R) Platinum 8375C CPU @ 2.90GHz,Intel
m6in.large,ap-northeast-1,apne1-az1,3,45.0,50.0,3.0,0.17901,0.0661,63,m6in,General,m,2.0,8.0,28956.787883,Intel(R) Xeon(R) Platinum 8375C CPU @ 2.90GHz,Intel(R) Xeon(R) Platinum 8375C CPU @ 2.90GHz,Intel
m6in.large,ap-northeast-1,apne1-az2,3,50.0,50.0,3.0,0.17901,0.062,65,m6in,General,m,2.0,8.0,28956.787883,Intel(R) Xeon(R) Platinum 8375C CPU @ 2.90GHz,Intel(R) Xeon(R) Platinum 8375C CPU @ 2.90GHz,Intel
m6in.large,ap-northeast-1,apne1-az4,3,10.0,15.0,3.0,0.17901,0.0638,64,m6in,General,m,2.0,8.0,28956.787883,Intel(R) Xeon(R) Platinum 8375C CPU @ 2.90GHz,Intel(R) Xeon(R) Platinum 8375C CPU @ 2.90GHz,Intel
m6in.xlarge,ap-northeast-1,apne1-az1,3,15.0,20.0,3.0,0.35802,0.1446,59,m6in,General,m,4.0,16.0,28988.743332,Intel(R) Xeon(R) Platinum 8375C CPU @ 2.90GHz,Intel(R) Xeon(R) Platinum 8375C CPU @ 2.90GHz,Intel
m6in.xlarge,ap-northeast-1,apne1-az2,3,25.0,40.0,3.0,0.35802,0.1168,67,m6in,General,m,4.0,16.0,28988.743332,Intel(R) Xeon(R) Platinum 8375C CPU @ 2.90GHz,Intel(R) Xeon(R) Platinum 8375C CPU @ 2.90GHz,Intel
m6in.xlarge,ap-northeast-1,apne1-az4,3,1.0,5.0,3.0,0.35802,0.1304,63,m6in,General,m,4.0,16.0,28988.743332,Intel(R) Xeon(R) Platinum 8375C CPU @ 2.90GHz,Intel(R) Xeon(R) Platinum 8375C CPU @ 2.90GHz,Intel
m7a.12xlarge,ap-northeast-1,apne1-az1,2,0.0,1.0,1.0,3.59352,1.1788,67,m7a,General,m,48.0,192.0,35537.8869594,AMD EPYC 9R14,AMD EPYC 9R14,AuthenticAMD
m7a.12xlarge,ap-northeast-1,apne1-az2,1,0.0,0.0,1.0,3.59352,1.1647,67,m7a,General,m,48.0,192.0,35537.8869594,AMD EPYC 9R14,AMD EPYC 9R14,AuthenticAMD
m7a.12xlarge,ap-northeast-1,apne1-az4,1,0.0,0.0,1.0,3.59352,1.1813,67,m7a,General,m,48.0,192.0,35537.8869594,AMD EPYC 9R14,AMD EPYC 9R14,AuthenticAMD
m7a.16xlarge,ap-northeast-1,apne1-az1,3,1.0,1.0,2.5,4.79136,1.5432,67,m7a,General,m,64.0,256.0,35625.781371000005,AMD EPYC 9R14,AMD EPYC 9R14,AuthenticAMD
m7a.16xlarge,ap-northeast-1,apne1-az2,3,1.0,1.0,2.5,4.79136,1.4369,70,m7a,General,m,64.0,256.0,35625.781371000005,AMD EPYC 9R14,AMD EPYC 9R14,AuthenticAMD
m7a.16xlarge,ap-northeast-1,apne1-az4,1,0.0,0.0,2.5,4.79136,1.5192,68,m7a,General,m,64.0,256.0,35625.781371000005,AMD EPYC 9R14,AMD EPYC 9R14,AuthenticAMD
m7a.24xlarge,ap-northeast-1,apne1-az1,3,1.0,1.0,2.5,7.18704,2.1915,69,m7a,General,m,96.0,384.0,35566.21822339999,AMD EPYC 9R14,AMD EPYC 9R14,AuthenticAMD
m7a.24xlarge,ap-northeast-1,apne1-az2,2,0.0,1.0,2.5,7.18704,2.281,68,m7a,General,m,96.0,384.0,35566.21822339999,AMD EPYC 9R14,AMD EPYC 9R14,AuthenticAMD
m7a.24xlarge,ap-northeast-1,apne1-az4,1,0.0,0.0,2.5,7.18704,2.0731,71,m7a,General,m,96.0,384.0,35566.21822339999,AMD EPYC 9R14,AMD EPYC 9R14,AuthenticAMD
m7a.2xlarge,ap-northeast-1,apne1-az1,3,20.0,30.0,2.5,0.59892,0.2382,60,m7a,General,m,8.0,32.0,35573.4485604,AMD EPYC 9R14,AMD EPYC 9R14,AuthenticAMD
m7a.2xlarge,ap-northeast-1,apne1-az2,3,25.0,35.0,2.5,0.59892,0.2007,66,m7a,General,m,8.0,32.0,35573.4485604,AMD EPYC 9R14,AMD EPYC 9R14,AuthenticAMD
m7a.2xlarge,ap-northeast-1,apne1-az4,3,40.0,50.0,2.5,0.59892,0.1838,69,m7a,General,m,8.0,32.0,35573.4485604,AMD EPYC 9R14,AMD EPYC 9R14,AuthenticAMD
m7a.32xlarge,ap-northeast-1,apne1-az1,3,1.0,1.0,2.5,9.58272,2.7901,70,m7a,General,m,128.0,512.0,35559.1732954,AMD EPYC 9R14,AMD EPYC 9R14,AuthenticAMD
m7a.32xlarge,ap-northeast-1,apne1-az2,3,1.0,1.0,2.5,9.58272,2.7561,71,m7a,General,m,128.0,512.0,35559.1732954,AMD EPYC 9R14,AMD EPYC 9R14,AuthenticAMD
m7a.32xlarge,ap-northeast-1,apne1-az4,1,0.0,0.0,2.5,9.58272,3.2605,65,m7a,General,m,128.0,512.0,35559.1732954,AMD EPYC 9R14,AMD EPYC 9R14,AuthenticAMD
m7a.48xlarge,ap-northeast-1,apne1-az1,3,1.0,1.0,2.5,14.37408,4.2259,70,m7a,General,m,192.0,768.0,35572.6817414,AMD EPYC 9R14,AMD EPYC 9R14,AuthenticAMD
m7a.48xlarge,ap-northeast-1,apne1-az2,3,1.0,1.0,2.5,14.37408,4.5105,68,m7a,General,m,192.0,768.0,35572.6817414,AMD EPYC 9R14,AMD EPYC 9R14,AuthenticAMD
m7a.48xlarge,ap-northeast-1,apne1-az4,1,0.0,0.0,2.5,14.37408,4.4135,69,m7a,General,m,192.0,768.0,35572.6817414,AMD EPYC 9R14,AMD EPYC 9R14,AuthenticAMD
m7a.4xlarge,ap-northeast-1,apne1-az1,3,40.0,50.0,2.5,1.19784,0.4261,64,m7a,General,m,16.0,64.0,35630.9504934,AMD EPYC 9R14,AMD EPYC 9R14,AuthenticAMD
m7a.4xlarge,ap-northeast-1,apne1-az2,3,25.0,40.0,2.5,1.19784,0.3958,66,m7a,General,m,16.0,64.0,35630.9504934,AMD EPYC 9R14,AMD EPYC 9R14,AuthenticAMD
m7a.4xlarge,ap-northeast-1,apne1-az4,3,5.0,10.0,2.5,1.19784,0.4365,63,m7a,General,m,16.0,64.0,35630.9504934,AMD EPYC 9R14,AMD EPYC 9R14,AuthenticAMD
m7a.8xlarge,ap-northeast-1,apne1-az1,3,1.0,5.0,1.0,2.39568,0.9323,61,m7a,General,m,32.0,128.0,35620.733535,AMD EPYC 9R14,AMD EPYC 9R14,AuthenticAMD
m7a.8xlarge,ap-northeast-1,apne1-az2,3,1.0,5.0,1.0,2.39568,0.8441,64,m7a,General,m,32.0,128.0,35620.733535,AMD EPYC 9R14,AMD EPYC 9R14,AuthenticAMD
m7a.8xlarge,ap-northeast-1,apne1-az4,3,1.0,1.0,1.0,2.39568,0.8267,65,m7a,General,m,32.0,128.0,35620.733535,AMD EPYC 9R14,AMD EPYC 9R14,AuthenticAMD
m7a.large,ap-northeast-1,apne1-az1,3,50.0,50.0,3.0,0.14973,0.0454,69,m7a,General,m,2.0,8.0,35597.8908984,AMD EPYC 9R14,AMD EPYC 9R14,AuthenticAMD
m7a.large,ap-northeast-1,apne1-az2,3,50.0,50.0,3.0,0.14973,0.0444,70,m7a,General,m,2.0,8.0,35597.8908984,AMD EPYC 9R14,AMD EPYC 9R14,AuthenticAMD
m7a.large,ap-northeast-1,apne1-az4,3,50.0,50.0,3.0,0.14973,0.044,70,m7a,General,m,2.0,8.0,35597.8908984,AMD EPYC 9R14,AMD EPYC 9R14,AuthenticAMD
m7a.medium,ap-northeast-1,apne1-az1,3,50.0,50.0,3.0,0.07487,0.0235,68,m7a,General,m,1.0,4.0,35469.1661588,AMD EPYC 9R14,AMD EPYC 9R14,AuthenticAMD
m7a.medium,ap-northeast-1,apne1-az2,3,50.0,50.0,3.0,0.07487,0.0249,66,m7a,General,m,1.0,4.0,35469.1661588,AMD EPYC 9R14,AMD EPYC 9R14,AuthenticAMD
m7a.medium,ap-northeast-1,apne1-az4,3,35.0,50.0,3.0,0.07487,0.0236,68,m7a,General,m,1.0,4.0,35469.1661588,AMD EPYC 9R14,AMD EPYC 9R14,AuthenticAMD
m7a.xlarge,ap-northeast-1,apne1-az1,3,50.0,50.0,3.0,0.29946,0.0986,67,m7a,General,m,4.0,16.0,35593.8236712,AMD EPYC 9R14,AMD EPYC 9R14,AuthenticAMD
m7a.xlarge,ap-northeast-1,apne1-az2,3,40.0,50.0,3.0,0.29946,0.098,67,m7a,General,m,4.0,16.0,35593.8236712,AMD EPYC 9R14,AMD EPYC 9R14,AuthenticAMD
m7a.xlarge,ap-northeast-1,apne1-az4,3,50.0,50.0,3.0,0.29946,0.0926,69,m7a,General,m,4.0,16.0,35593.8236712,AMD EPYC 9R14,AMD EPYC 9R14,AuthenticAMD
m7g.12xlarge,ap-northeast-1,apne1-az1,3,25.0,50.0,3.0,2.5296,1.0543,58,m7g,General,m,48.0,192.0,24298.0526854,AWS Graviton3 Processor,AWS Graviton3 Processor,AWS
m7g.12xlarge,ap-northeast-1,apne1-az2,3,30.0,50.0,3.0,2.5296,0.7606,69,m7g,General,m,48.0,192.0,24298.0526854,AWS Graviton3 Processor,AWS Graviton3 Processor,AWS
m7g.12xlarge,ap-northeast-1,apne1-az4,3,50.0,50.0,3.0,2.5296,0.773,69,m7g,General,m,48.0,192.0,24298.0526854,AWS Graviton3 Processor,AWS Graviton3 Processor,AWS
m7g.16xlarge,ap-northeast-1,apne1-az1,3,50.0,50.0,3.0,3.3728,1.1675,65,m7g,General,m,64.0,256.0,24280.108154,AWS Graviton3 Processor,AWS Graviton3 Processor,AWS
m7g.16xlarge,ap-northeast-1,apne1-az2,3,15.0,30.0,3.0,3.3728,0.9701,71,m7g,General,m,64.0,256.0,24280.108154,AWS Graviton3 Processor,AWS Graviton3 Processor,AWS
m7g.16xlarge,ap-northeast-1,apne1-az4,3,50.0,50.0,3.0,3.3728,1.143,66,m7g,General,m,64.0,256.0,24280.108154,AWS Graviton3 Processor,AWS Graviton3 Processor,AWS
m7g.2xlarge,ap-northeast-1,apne1-az1,3,50.0,50.0,3.0,0.4216,0.1646,60,m7g,General,m,8.0,32.0,24280.9407438,AWS Graviton3 Processor,AWS Graviton3 Processor,AWS
m7g.2xlarge,ap-northeast-1,apne1-az2,3,50.0,50.0,3.0,0.4216,0.1677,60,m7g,General,m,8.0,32.0,24280.9407438,AWS Graviton3 Processor,AWS Graviton3 Processor,AWS
m7g.2xlarge,ap-northeast-1,apne1-az4,3,35.0,45.0,3.0,0.4216,0.2016,52,m7g,General,m,8.0,32.0,24280.9407438,AWS Graviton3 Processor,AWS Graviton3 Processor,AWS
m7g.4xlarge,ap-northeast-1,apne1-az1,3,25.0,45.0,3.0,0.8432,0.2938,65,m7g,General,m,16.0,64.0,24297.092525599997,AWS Graviton3 Processor,AWS Graviton3 Processor,AWS
m7g.4xlarge,ap-northeast-1,apne1-az2,3,15.0,25.0,3.0,0.8432,0.3341,60,m7g,General,m,16.0,64.0,24297.092525599997,AWS Graviton3 Processor,AWS Graviton3 Processor,AWS
m7g.4xlarge,ap-northeast-1,apne1-az4,3,35.0,50.0,3.0,0.8432,0.3076,63,m7g,General,m,16.0,64.0,24297.092525599997,AWS Graviton3 Processor,AWS Graviton3 Processor,AWS
m7g.8xlarge,ap-northeast-1,apne1-az1,3,30.0,50.0,2.5,1.6864,0.631,62,m7g,General,m,32.0,128.0,24288.61628,AWS Graviton3 Processor,AWS Graviton3 Processor,AWS
m7g.8xlarge,ap-northeast-1,apne1-az2,3,35.0,50.0,2.5,1.6864,0.5254,68,m7g,General,m,32.0,128.0,24288.61628,AWS Graviton3 Processor,AWS Graviton3 Processor,AWS
m7g.8xlarge,ap-northeast-1,apne1-az4,3,50.0,50.0,2.5,1.6864,0.5127,69,m7g,General,m,32.0,128.0,24288.61628,AWS Graviton3 Processor,AWS Graviton3 Processor,AWS
m7g.large,ap-northeast-1,apne1-az1,3,50.0,50.0,3.0,0.1054,0.0419,60,m7g,General,m,2.0,8.0,24307.2543432,AWS Graviton3 Processor,AWS Graviton3 Processor,AWS
m7g.large,ap-northeast-1,apne1-az2,3,50.0,50.0,3.0,0.1054,0.0394,62,m7g,General,m,2.0,8.0,24307.2543432,AWS Graviton3 Processor,AWS Graviton3 Processor,AWS
m7g.large,ap-northeast-1,apne1-az4,3,50.0,50.0,3.0,0.1054,0.0421,60,m7g,General,m,2.0,8.0,24307.2543432,AWS Graviton3 Processor,AWS Graviton3 Processor,AWS
m7g.medium,ap-northeast-1,apne1-az1,3,50.0,50.0,3.0,0.0527,0.017,67,m7g,General,m,1.0,4.0,24331.51188,AWS Graviton3 Processor,AWS Graviton3 Processor,AWS
m7g.medium,ap-northeast-1,apne1-az2,3,50.0,50.0,3.0,0.0527,0.0164,68,m7g,General,m,1.0,4.0,24331.51188,AWS Graviton3 Processor,AWS Graviton3 Processor,AWS
m7g.medium,ap-northeast-1,apne1-az4,3,50.0,50.0,3.0,0.0527,0.0159,69,m7g,General,m,1.0,4.0,24331.51188,AWS Graviton3 Processor,AWS Graviton3 Processor,AWS
m7g.metal,ap-northeast-1,apne1-az1,3,5.0,5.0,3.0,3.3728,1.0459,68,m7g,General,m,64.0,256.0,24350.5834232,,,AWS
m7g.metal,ap-northeast-1,apne1-az2,3,1.0,5.0,3.0,3.3728,0.9952,70,m7g,General,m,64.0,256.0,24350.5834232,,,AWS
m7g.metal,ap-northeast-1,apne1-az4,3,1.0,1.0,3.0,3.3728,1.0959,67,m7g,General,m,64.0,256.0,24350.5834232,,,AWS
m7g.xlarge,ap-northeast-1,apne1-az1,3,50.0,50.0,3.0,0.2108,0.0772,63,m7g,General,m,4.0,16.0,24294.260086,AWS Graviton3 Processor,AWS Graviton3 Processor,AWS
m7g.xlarge,ap-northeast-1,apne1-az2,3,50.0,50.0,3.0,0.2108,0.078,62,m7g,General,m,4.0,16.0,24294.260086,AWS Graviton3 Processor,AWS Graviton3 Processor,AWS
m7g.xlarge,ap-northeast-1,apne1-az4,3,50.0,50.0,3.0,0.2108,0.0926,56,m7g,General,m,4.0,16.0,24294.260086,AWS Graviton3 Processor,AWS Graviton3 Processor,AWS
m7gd.12xlarge,ap-northeast-1,apne1-az1,3,20.0,30.0,3.0,3.3113,1.0529,68,m7gd,General,m,48.0,192.0,24278.58991,AWS Graviton3 Processor,AWS Graviton3 Processor,AWS
m7gd.12xlarge,ap-northeast-1,apne1-az2,3,5.0,5.0,3.0,3.3113,0.9379,71,m7gd,General,m,48.0,192.0,24278.58991,AWS Graviton3 Processor,AWS Graviton3 Processor,AWS
m7gd.12xlarge,ap-northeast-1,apne1-az4,3,20.0,30.0,3.0,3.3113,1.0699,67,m7gd,General,m,48.0,192.0,24278.58991,AWS Graviton3 Processor,AWS Graviton3 Processor,AWS
m7gd.16xlarge,ap-northeast-1,apne1-az1,3,15.0,20.0,3.0,4.415,1.4143,67,m7gd,General,m,64.0,256.0,24291.77699,AWS Graviton3 Processor,AWS Graviton3 Processor,AWS
m7gd.16xlarge,ap-northeast-1,apne1-az2,3,1.0,1.0,3.0,4.415,1.3775,68,m7gd,General,m,64.0,256.0,24291.77699,AWS Graviton3 Processor,AWS Graviton3 Processor,AWS
m7gd.16xlarge,ap-northeast-1,apne1-az4,3,10.0,20.0,3.0,4.415,1.3764,68,m7gd,General,m,64.0,256.0,24291.77699,AWS Graviton3 Processor,AWS Graviton3 Processor,AWS
m7gd.2xlarge,ap-northeast-1,apne1-az1,3,20.0,30.0,3.0,0.5519,0.1909,65,m7gd,General,m,8.0,32.0,24285.66587,AWS Graviton3 Processor,AWS Graviton3 Processor,AWS
m7gd.2xlarge,ap-northeast-1,apne1-az2,3,5.0,5.0,3.0,0.5519,0.1721,68,m7gd,General,m,8.0,32.0,24285.66587,AWS Graviton3 Processor,AWS Graviton3 Processor,AWS
m7gd.2xlarge,ap-northeast-1,apne1-az4,3,5.0,10.0,3.0,0.5519,0.248,55,m7gd,General,m,8.0,32.0,24285.66587,AWS Graviton3 Processor,AWS Graviton3 Processor,AWS
m7gd.4xlarge,ap-northeast-1,apne1-az1,3,5.0,10.0,3.0,1.1038,0.3854,65,m7gd,General,m,16.0,64.0,24295.91393,AWS Graviton3 Processor,AWS Graviton3 Processor,AWS
m7gd.4xlarge,ap-northeast-1,apne1-az2,3,1.0,1.0,3.0,1.1038,0.3465,68,m7gd,General,m,16.0,64.0,24295.91393,AWS Graviton3 Processor,AWS Graviton3 Processor,AWS
m7gd.4xlarge,ap-northeast-1,apne1-az4,3,5.0,10.0,3.0,1.1038,0.3959,64,m7gd,General,m,16.0,64.0,24295.91393,AWS Graviton3 Processor,AWS Graviton3 Processor,AWS
m7gd.8xlarge,ap-northeast-1,apne1-az1,3,20.0,30.0,3.0,2.2075,0.6611,70,m7gd,General,m,32.0,128.0,24279.1627852,AWS Graviton3 Processor,AWS Graviton3 Processor,AWS
m7gd.8xlarge,ap-northeast-1,apne1-az2,3,1.0,1.0,3.0,2.2075,0.6546,70,m7gd,General,m,32.0,128.0,24279.1627852,AWS Graviton3 Processor,AWS Graviton3 Processor,AWS
m7gd.8xlarge,ap-northeast-1,apne1-az4,3,15.0,25.0,3.0,2.2075,0.7118,67,m7gd,General,m,32.0,128.0,24279.1627852,AWS Graviton3 Processor,AWS Graviton3 Processor,AWS
m7gd.large,ap-northeast-1,apne1-az1,3,50.0,50.0,3.0,0.138,0.0427,69,m7gd,General,m,2.0,8.0,24311.2823744,AWS Graviton3 Processor,AWS Graviton3 Processor,AWS
m7gd.large,ap-northeast-1,apne1-az2,3,25.0,35.0,3.0,0.138,0.0404,70,m7gd,General,m,2.0,8.0,24311.2823744,AWS Graviton3 Processor,AWS Graviton3 Processor,AWS
m7gd.large,ap-northeast-1,apne1-az4,3,50.0,50.0,3.0,0.138,0.0411,70,m7gd,General,m,2.0,8.0,24311.2823744,AWS Graviton3 Processor,AWS Graviton3 Processor,AWS
m7gd.medium,ap-northeast-1,apne1-az1,3,50.0,50.0,3.0,0.069,0.0212,69,m7gd,General,m,1.0,4.0,24323.82784,AWS Graviton3 Processor,AWS Graviton3 Processor,AWS
m7gd.medium,ap-northeast-1,apne1-az2,3,30.0,45.0,3.0,0.069,0.0252,63,m7gd,General,m,1.0,4.0,24323.82784,AWS Graviton3 Processor,AWS Graviton3 Processor,AWS
m7gd.medium,ap-northeast-1,apne1-az4,3,50.0,50.0,3.0,0.069,0.0202,70,m7gd,General,m,1.0,4.0,24323.82784,AWS Graviton3 Processor,AWS Graviton3 Processor,AWS
m7gd.metal,ap-northeast-1,apne1-az1,3,1.0,5.0,3.0,4.415,1.3231,70,m7gd,General,m,64.0,256.0,24357.35114,,,AWS
m7gd.metal,ap-northeast-1,apne1-az2,3,1.0,1.0,3.0,4.415,1.4665,66,m7gd,General,m,64.0,256.0,24357.35114,,,AWS
m7gd.metal,ap-northeast-1,apne1-az4,3,5.0,5.0,3.0,4.415,1.4449,67,m7gd,General,m,64.0,256.0,24357.35114,,,AWS
m7gd.xlarge,ap-northeast-1,apne1-az1,3,45.0,50.0,3.0,0.2759,0.0833,69,m7gd,General,m,4.0,16.0,24306.66157,AWS Graviton3 Processor,AWS Graviton3 Processor,AWS
m7gd.xlarge,ap-northeast-1,apne1-az2,3,5.0,10.0,3.0,0.2759,0.0901,67,m7gd,General,m,4.0,16.0,24306.66157,AWS Graviton3 Processor,AWS Graviton3 Processor,AWS
m7gd.xlarge,ap-northeast-1,apne1-az4,3,50.0,50.0,3.0,0.2759,0.0985,64,m7gd,General,m,4.0,16.0,24306.66157,AWS Graviton3 Processor,AWS Graviton3 Processor,AWS
m7i-flex.2xlarge,ap-northeast-1,apne1-az1,3,15.0,25.0,2.5,0.49476,0.1993,59,m7i-flex,General,m,8.0,32.0,34847.849836199995,Intel(R) Xeon(R) Platinum 8488C,Intel(R) Xeon(R) Platinum 8488C,Intel
m7i-flex.2xlarge,ap-northeast-1,apne1-az2,3,40.0,50.0,2.5,0.49476,0.2128,56,m7i-flex,General,m,8.0,32.0,34847.849836199995,Intel(R) Xeon(R) Platinum 8488C,Intel(R) Xeon(R) Platinum 8488C,Intel
m7i-flex.2xlarge,ap-northeast-1,apne1-az4,3,20.0,35.0,2.5,0.49476,0.2147,56,m7i-flex,General,m,8.0,32.0,34847.849836199995,Intel(R) Xeon(R) Platinum 8488C,Intel(R) Xeon(R) Platinum 8488C,Intel
m7i-flex.4xlarge,ap-northeast-1,apne1-az1,3,1.0,1.0,2.5,0.98952,0.4083,58,m7i-flex,General,m,16.0,64.0,34834.042632599994,Intel(R) Xeon(R) Platinum 8488C,Intel(R) Xeon(R) Platinum 8488C,Intel
m7i-flex.4xlarge,ap-northeast-1,apne1-az2,3,5.0,10.0,2.5,0.98952,0.3689,62,m7i-flex,General,m,16.0,64.0,34834.042632599994,Intel(R) Xeon(R) Platinum 8488C,Intel(R) Xeon(R) Platinum 8488C,Intel
m7i-flex.4xlarge,ap-northeast-1,apne1-az4,3,1.0,1.0,2.5,0.98952,0.4775,51,m7i-flex,General,m,16.0,64.0,34834.042632599994,Intel(R) Xeon(R) Platinum 8488C,Intel(R) Xeon(R) Platinum 8488C,Intel
m7i-flex.8xlarge,ap-northeast-1,apne1-az1,3,1.0,1.0,3.0,1.97904,0.8894,55,m7i-flex,General,m,32.0,128.0,34807.886400999996,Intel(R) Xeon(R) Platinum 8488C,Intel(R) Xeon(R) Platinum 8488C,Intel
m7i-flex.8xlarge,ap-northeast-1,apne1-az2,3,5.0,5.0,3.0,1.97904,0.7375,62,m7i-flex,General,m,32.0,128.0,34807.886400999996,Intel(R) Xeon(R) Platinum 8488C,Intel(R) Xeon(R) Platinum 8488C,Intel
m7i-flex.8xlarge,ap-northeast-1,apne1-az4,3,1.0,5.0,3.0,1.97904,0.6874,65,m7i-flex,General,m,32.0,128.0,34807.886400999996,Intel(R) Xeon(R) Platinum 8488C,Intel(R) Xeon(R) Platinum 8488C,Intel
m7i-flex.large,ap-northeast-1,apne1-az1,3,30.0,50.0,3.0,0.12369,0.0486,60,m7i-flex,General,m,2.0,8.0,34817.0428886,Intel(R) Xeon(R) Platinum 8488C,Intel(R) Xeon(R) Platinum 8488C,Intel
m7i-flex.large,ap-northeast-1,apne1-az2,3,50.0,50.0,3.0,0.12369,0.0478,61,m7i-flex,General,m,2.0,8.0,34817.0428886,Intel(R) Xeon(R) Platinum 8488C,Intel(R) Xeon(R) Platinum 8488C,Intel
m7i-flex.large,ap-northeast-1,apne1-az4,3,50.0,50.0,3.0,0.12369,0.0504,59,m7i-flex,General,m,2.0,8.0,34817.0428886,Intel(R) Xeon(R) Platinum 8488C,Intel(R) Xeon(R) Platinum 8488C,Intel
m7i-flex.xlarge,ap-northeast-1,apne1-az1,3,15.0,30.0,2.5,0.24738,0.0877,64,m7i-flex,General,m,4.0,16.0,34818.577664000004,Intel(R) Xeon(R) Platinum 8488C,Intel(R) Xeon(R) Platinum 8488C,Intel
m7i-flex.xlarge,ap-northeast-1,apne1-az2,3,50.0,50.0,2.5,0.24738,0.1065,56,m7i-flex,General,m,4.0,16.0,34818.577664000004,Intel(R) Xeon(R) Platinum 8488C,Intel(R) Xeon(R) Platinum 8488C,Intel
m7i-flex.xlarge,ap-northeast-1,apne1-az4,3,20.0,30.0,2.5,0.24738,0.1119,54,m7i-flex,General,m,4.0,16.0,34818.577664000004,Intel(R) Xeon(R) Platinum 8488C,Intel(R) Xeon(R) Platinum 8488C,Intel
m7i.12xlarge,ap-northeast-1,apne1-az1,3,5.0,10.0,2.5,3.1248,1.1081,64,m7i,General,m,48.0,192.0,34290.7909594,Intel(R) Xeon(R) Platinum 8488C,Intel(R) Xeon(R) Platinum 8488C,Intel
m7i.12xlarge,ap-northeast-1,apne1-az2,3,1.0,1.0,2.5,3.1248,0.8479,72,m7i,General,m,48.0,192.0,34290.7909594,Intel(R) Xeon(R) Platinum 8488C,Intel(R) Xeon(R) Platinum 8488C,Intel
m7i.12xlarge,ap-northeast-1,apne1-az4,2,0.0,1.0,2.5,3.1248,1.0803,65,m7i,General,m,48.0,192.0,34290.7909594,Intel(R) Xeon(R) Platinum 8488C,Intel(R) Xeon(R) Platinum 8488C,Intel
m7i.16xlarge,ap-northeast-1,apne1-az1,3,10.0,20.0,3.0,4.1664,1.3431,67,m7i,General,m,64.0,256.0,34337.3600746,Intel(R) Xeon(R) Platinum 8488C,Intel(R) Xeon(R) Platinum 8488C,Intel
m7i.16xlarge,ap-northeast-1,apne1-az2,3,40.0,50.0,3.0,4.1664,1.2171,70,m7i,General,m,64.0,256.0,34337.3600746,Intel(R) Xeon(R) Platinum 8488C,Intel(R) Xeon(R) Platinum 8488C,Intel
m7i.16xlarge,ap-northeast-1,apne1-az4,3,1.0,1.0,3.0,4.1664,1.4218,65,m7i,General,m,64.0,256.0,34337.3600746,Intel(R) Xeon(R) Platinum 8488C,Intel(R) Xeon(R) Platinum 8488C,Intel
m7i.24xlarge,ap-northeast-1,apne1-az1,3,1.0,5.0,1.5,6.2496,1.8256,70,m7i,General,m,96.0,384.0,34341.39411760001,Intel(R) Xeon(R) Platinum 8488C,Intel(R) Xeon(R) Platinum 8488C,Intel
m7i.24xlarge,ap-northeast-1,apne1-az2,3,5.0,5.0,1.5,6.2496,1.8517,70,m7i,General,m,96.0,384.0,34341.39411760001,Intel(R) Xeon(R) Platinum 8488C,Intel(R) Xeon(R) Platinum 8488C,Intel
m7i.24xlarge,ap-northeast-1,apne1-az4,1,0.0,0.0,1.5,6.2496,1.9778,68,m7i,General,m,96.0,384.0,34341.39411760001,Intel(R) Xeon(R) Platinum 8488C,Intel(R) Xeon(R) Platinum 8488C,Intel
m7i.2xlarge,ap-northeast-1,apne1-az1,3,15.0,25.0,2.0,0.5208,0.1684,67,m7i,General,m,8.0,32.0,34502.0987822,Intel(R) Xeon(R) Platinum 8488C,Intel(R) Xeon(R) Platinum 8488C,Intel
m7i.2xlarge,ap-northeast-1,apne1-az2,3,10.0,15.0,2.0,0.5208,0.1811,65,m7i,General,m,8.0,32.0,34502.0987822,Intel(R) Xeon(R) Platinum 8488C,Intel(R) Xeon(R) Platinum 8488C,Intel
m7i.2xlarge,ap-northeast-1,apne1-az4,3,5.0,10.0,2.0,0.5208,0.1573,69,m7i,General,m,8.0,32.0,34502.0987822,Intel(R) Xeon(R) Platinum 8488C,Intel(R) Xeon(R) Platinum 8488C,Intel
m7i.48xlarge,ap-northeast-1,apne1-az1,3,1.0,5.0,3.0,12.4992,3.9606,68,m7i,General,m,192.0,768.0,34387.444791999995,Intel(R) Xeon(R) Platinum 8488C,Intel(R) Xeon(R) Platinum 8488C,Intel
m7i.48xlarge,ap-northeast-1,apne1-az2,3,10.0,15.0,3.0,12.4992,3.7887,69,m7i,General,m,192.0,768.0,34387.444791999995,Intel(R) Xeon(R) Platinum 8488C,Intel(R) Xeon(R) Platinum 8488C,Intel
m7i.48xlarge,ap-northeast-1,apne1-az4,3,1.0,1.0,3.0,12.4992,4.0459,67,m7i,General,m,192.0,768.0,34387.444791999995,Intel(R) Xeon(R) Platinum 8488C,Intel(R) Xeon(R) Platinum 8488C,Intel
m7i.4xlarge,ap-northeast-1,apne1-az1,3,50.0,50.0,2.5,1.0416,0.3234,68,m7i,General,m,16.0,64.0,34393.8374396,Intel(R) Xeon(R) Platinum 8488C,Intel(R) Xeon(R) Platinum 8488C,Intel
m7i.4xlarge,ap-northeast-1,apne1-az2,3,25.0,40.0,2.5,1.0416,0.3508,66,m7i,General,m,16.0,64.0,34393.8374396,Intel(R) Xeon(R) Platinum 8488C,Intel(R) Xeon(R) Platinum 8488C,Intel
m7i.4xlarge,ap-northeast-1,apne1-az4,3,1.0,1.0,2.5,1.0416,0.3684,64,m7i,General,m,16.0,64.0,34393.8374396,Intel(R) Xeon(R) Platinum 8488C,Intel(R) Xeon(R) Platinum 8488C,Intel
m7i.8xlarge,ap-northeast-1,apne1-az1,3,5.0,5.0,2.5,2.0832,0.7208,65,m7i,General,m,32.0,128.0,34267.728393599995,Intel(R) Xeon(R) Platinum 8488C,Intel(R) Xeon(R) Platinum 8488C,Intel
m7i.8xlarge,ap-northeast-1,apne1-az2,3,1.0,1.0,2.5,2.0832,0.7175,65,m7i,General,m,32.0,128.0,34267.728393599995,Intel(R) Xeon(R) Platinum 8488C,Intel(R) Xeon(R) Platinum 8488C,Intel
m7i.8xlarge,ap-northeast-1,apne1-az4,1,0.0,0.0,2.5,2.0832,0.6337,69,m7i,General,m,32.0,128.0,34267.728393599995,Intel(R) Xeon(R) Platinum 8488C,Intel(R) Xeon(R) Platinum 8488C,Intel
m7i.large,ap-northeast-1,apne1-az1,3,50.0,50.0,2.0,0.1302,0.0475,63,m7i,General,m,2.0,8.0,34922.852472399994,Intel(R) Xeon(R) Platinum 8488C,Intel(R) Xeon(R) Platinum 8488C,Intel
m7i.large,ap-northeast-1,apne1-az2,3,50.0,50.0,2.0,0.1302,0.051,60,m7i,General,m,2.0,8.0,34922.852472399994,Intel(R) Xeon(R) Platinum 8488C,Intel(R) Xeon(R) Platinum 8488C,Intel
m7i.large,ap-northeast-1,apne1-az4,3,50.0,50.0,2.0,0.1302,0.0482,62,m7i,General,m,2.0,8.0,34922.852472399994,Intel(R) Xeon(R) Platinum 8488C,Intel(R) Xeon(R) Platinum 8488C,Intel
m7i.xlarge,ap-northeast-1,apne1-az1,3,50.0,50.0,1.0,0.2604,0.101,61,m7i,General,m,4.0,16.0,31511.116901,Intel(R) Xeon(R) Platinum 8488C,Intel(R) Xeon(R) Platinum 8488C,Intel
m7i.xlarge,ap-northeast-1,apne1-az2,3,35.0,50.0,1.0,0.2604,0.0955,63,m7i,General,m,4.0,16.0,31511.116901,Intel(R) Xeon(R) Platinum 8488C,Intel(R) Xeon(R) Platinum 8488C,Intel
m7i.xlarge,ap-northeast-1,apne1-az4,3,25.0,40.0,1.0,0.2604,0.083,68,m7i,General,m,4.0,16.0,31511.116901,Intel(R) Xeon(R) Platinum 8488C,Intel(R) Xeon(R) Platinum 8488C,Intel
m8g.12xlarge,ap-northeast-1,apne1-az1,3,1.0,1.0,3.0,2.78256,0.9206,66,m8g,General,m,48.0,192.0,28982.48426,AWS Graviton4 Processor,AWS Graviton4 Processor,AWS
m8g.12xlarge,ap-northeast-1,apne1-az2,1,0.0,0.0,3.0,2.78256,0.8903,68,m8g,General,m,48.0,192.0,28982.48426,AWS Graviton4 Processor,AWS Graviton4 Processor,AWS
m8g.12xlarge,ap-northeast-1,apne1-az4,2,0.0,1.0,3.0,2.78256,0.9451,66,m8g,General,m,48.0,192.0,28982.48426,AWS Graviton4 Processor,AWS Graviton4 Processor,AWS
m8g.16xlarge,ap-northeast-1,apne1-az1,3,1.0,5.0,2.5,3.71008,1.2247,66,m8g,General,m,64.0,256.0,28987.860716200004,AWS Graviton4 Processor,AWS Graviton4 Processor,AWS
m8g.16xlarge,ap-northeast-1,apne1-az2,3,1.0,1.0,2.5,3.71008,1.1727,68,m8g,General,m,64.0,256.0,28987.860716200004,AWS Graviton4 Processor,AWS Graviton4 Processor,AWS
m8g.16xlarge,ap-northeast-1,apne1-az4,3,1.0,1.0,2.5,3.71008,1.2636,65,m8g,General,m,64.0,256.0,28987.860716200004,AWS Graviton4 Processor,AWS Graviton4 Processor,AWS
m8g.24xlarge,ap-northeast-1,apne1-az1,3,5.0,10.0,2.5,5.56512,1.8217,67,m8g,General,m,96.0,384.0,28983.49336,AWS Graviton4 Processor,AWS Graviton4 Processor,AWS
m8g.24xlarge,ap-northeast-1,apne1-az2,3,1.0,1.0,2.5,5.56512,1.6705,69,m8g,General,m,96.0,384.0,28983.49336,AWS Graviton4 Processor,AWS Graviton4 Processor,AWS
m8g.24xlarge,ap-northeast-1,apne1-az4,3,1.0,5.0,2.5,5.56512,1.6759,69,m8g,General,m,96.0,384.0,28983.49336,AWS Graviton4 Processor,AWS Graviton4 Processor,AWS
m8g.2xlarge,ap-northeast-1,apne1-az1,3,,,2.5,0.46376,0.1493,67,m8g,General,m,8.0,32.0,28981.1396,AWS Graviton4 Processor,AWS Graviton4 Processor,AWS
m8g.2xlarge,ap-northeast-1,apne1-az2,3,,,2.5,0.46376,0.1432,69,m8g,General,m,8.0,32.0,28981.1396,AWS Graviton4 Processor,AWS Graviton4 Processor,AWS
m8g.2xlarge,ap-northeast-1,apne1-az4,3,1.0,,2.5,0.46376,0.1655,64,m8g,General,m,8.0,32.0,28981.1396,AWS Graviton4 Processor,AWS Graviton4 Processor,AWS
m8g.48xlarge,ap-northeast-1,apne1-az1,3,1.0,1.0,2.5,11.13024,3.447,69,m8g,General,m,192.0,768.0,27921.57549,AWS Graviton4 Processor,AWS Graviton4 Processor,AWS
m8g.48xlarge,ap-northeast-1,apne1-az2,2,0.0,1.0,2.5,11.13024,3.1856,71,m8g,General,m,192.0,768.0,27921.57549,AWS Graviton4 Processor,AWS Graviton4 Processor,AWS
m8g.48xlarge,ap-northeast-1,apne1-az4,2,0.0,1.0,2.5,11.13024,3.3958,69,m8g,General,m,192.0,768.0,27921.57549,AWS Graviton4 Processor,AWS Graviton4 Processor,AWS
m8g.4xlarge,ap-northeast-1,apne1-az1,3,1.0,5.0,2.5,0.92752,0.3135,66,m8g,General,m,16.0,64.0,28943.9672,AWS Graviton4 Processor,AWS Graviton4 Processor,AWS
m8g.4xlarge,ap-northeast-1,apne1-az2,3,1.0,1.0,2.5,0.92752,0.2987,67,m8g,General,m,16.0,64.0,28943.9672,AWS Graviton4 Processor,AWS Graviton4 Processor,AWS
m8g.4xlarge,ap-northeast-1,apne1-az4,3,5.0,10.0,2.5,0.92752,0.2689,71,m8g,General,m,16.0,64.0,28943.9672,AWS Graviton4 Processor,AWS Graviton4 Processor,AWS
m8g.8xlarge,ap-northeast-1,apne1-az1,3,1.0,5.0,2.5,1.85504,0.5661,69,m8g,General,m,32.0,128.0,28983.82827,AWS Graviton4 Processor,AWS Graviton4 Processor,AWS
m8g.8xlarge,ap-northeast-1,apne1-az2,3,1.0,1.0,2.5,1.85504,0.5855,68,m8g,General,m,32.0,128.0,28983.82827,AWS Graviton4 Processor,AWS Graviton4 Processor,AWS
m8g.8xlarge,ap-northeast-1,apne1-az4,3,1.0,1.0,2.5,1.85504,0.59,68,m8g,General,m,32.0,128.0,28983.82827,AWS Graviton4 Processor,AWS Graviton4 Processor,AWS
m8g.large,ap-northeast-1,apne1-az1,3,,,2.5,0.11594,0.0412,64,m8g,General,m,2.0,8.0,28984.50068,AWS Graviton4 Processor,AWS Graviton4 Processor,AWS
m8g.large,ap-northeast-1,apne1-az2,3,,,2.5,0.11594,0.0375,67,m8g,General,m,2.0,8.0,28984.50068,AWS Graviton4 Processor,AWS Graviton4 Processor,AWS
m8g.large,ap-northeast-1,apne1-az4,3,,,2.5,0.11594,0.0399,65,m8g,General,m,2.0,8.0,28984.50068,AWS Graviton4 Processor,AWS Graviton4 Processor,AWS
m8g.medium,ap-northeast-1,apne1-az1,3,,,1.5,0.05797,0.0186,67,m8g,General,m,1.0,4.0,28970.23798,AWS Graviton4 Processor,AWS Graviton4 Processor,AWS
m8g.medium,ap-northeast-1,apne1-az2,3,,,1.5,0.05797,0.017,70,m8g,General,m,1.0,4.0,28970.23798,AWS Graviton4 Processor,AWS Graviton4 Processor,AWS
m8g.medium,ap-northeast-1,apne1-az4,3,,,1.5,0.05797,0.0174,69,m8g,General,m,1.0,4.0,28970.23798,AWS Graviton4 Processor,AWS Graviton4 Processor,AWS
m8g.metal-48xl,ap-northeast-1,apne1-az1,2,0.0,1.0,2.0,11.13024,3.5517,68,m8g,General,m,192.0,768.0,28001.323002200003,,,AWS
m8g.metal-48xl,ap-northeast-1,apne1-az2,1,0.0,0.0,2.0,11.13024,3.045,72,m8g,General,m,192.0,768.0,28001.323002200003,,,AWS
m8g.metal-48xl,ap-northeast-1,apne1-az4,1,0.0,0.0,2.0,11.13024,3.3419,69,m8g,General,m,192.0,768.0,28001.323002200003,,,AWS
m8g.xlarge,ap-northeast-1,apne1-az1,3,,,2.5,0.23188,0.0858,62,m8g,General,m,4.0,16.0,28985.84451,AWS Graviton4 Processor,AWS Graviton4 Processor,AWS
m8g.xlarge,ap-northeast-1,apne1-az2,3,1.0,,2.5,0.23188,0.1001,56,m8g,General,m,4.0,16.0,28985.84451,AWS Graviton4 Processor,AWS Graviton4 Processor,AWS
m8g.xlarge,ap-northeast-1,apne1-az4,3,1.0,,2.5,0.23188,0.1032,55,m8g,General,m,4.0,16.0,28985.84451,AWS Graviton4 Processor,AWS Graviton4 Processor,AWS
p3.16xlarge,ap-northeast-1,apne1-az1,1,0.0,0.0,1.0,33.552,9.9756,70,p3,AC,p,64.0,488.0,23738.917,Intel(R) Xeon(R) CPU E5-2686 v4 @ 2.30GHz,Intel(R) Xeon(R) CPU E5-2686 v4 @ 2.30GHz,Intel
p3.16xlarge,ap-northeast-1,apne1-az4,1,0.0,0.0,1.0,33.552,10.2532,69,p3,AC,p,64.0,488.0,23738.917,Intel(R) Xeon(R) CPU E5-2686 v4 @ 2.30GHz,Intel(R) Xeon(R) CPU E5-2686 v4 @ 2.30GHz,Intel
p3.2xlarge,ap-northeast-1,apne1-az1,3,5.0,5.0,1.0,4.194,1.361,67,p3,AC,p,8.0,61.0,23738.917,Intel(R) Xeon(R) CPU E5-2686 v4 @ 2.30GHz,Intel(R) Xeon(R) CPU E5-2686 v4 @ 2.30GHz,Intel
p3.2xlarge,ap-northeast-1,apne1-az4,3,5.0,5.0,1.0,4.194,1.2123,71,p3,AC,p,8.0,61.0,23738.917,Intel(R) Xeon(R) CPU E5-2686 v4 @ 2.30GHz,Intel(R) Xeon(R) CPU E5-2686 v4 @ 2.30GHz,Intel
p3.8xlarge,ap-northeast-1,apne1-az1,1,0.0,0.0,1.0,16.776,5.3147,68,p3,AC,p,32.0,244.0,23738.917,Intel(R) Xeon(R) CPU E5-2686 v4 @ 2.30GHz,Intel(R) Xeon(R) CPU E5-2686 v4 @ 2.30GHz,Intel
p3.8xlarge,ap-northeast-1,apne1-az4,1,0.0,0.0,1.0,16.776,5.397,67,p3,AC,p,32.0,244.0,23738.917,Intel(R) Xeon(R) CPU E5-2686 v4 @ 2.30GHz,Intel(R) Xeon(R) CPU E5-2686 v4 @ 2.30GHz,Intel
p3dn.24xlarge,ap-northeast-1,apne1-az4,1,0.0,0.0,1.0,42.783,14.1395,66,p3dn,AC,p,96.0,768.0,23738.917,Intel(R) Xeon(R) Platinum 8175M CPU @ 2.50GHz,Intel(R) Xeon(R) Platinum 8175M CPU @ 2.50GHz,Intel
p4d.24xlarge,ap-northeast-1,apne1-az4,1,0.0,0.0,3.0,30.09784,9.8318,67,p4d,AC,p,96.0,1152.0,23738.917,Intel(R) Xeon(R) Platinum 8175M CPU @ 2.50GHz,Intel(R) Xeon(R) Platinum 8175M CPU @ 2.50GHz,Intel
p5.48xlarge,ap-northeast-1,apne1-az1,3,1.0,1.0,2.0,68.8,20.7233,69,p5,AC,p,192.0,2048.0,33539.1601,AMD EPYC 7R13 Processor,AMD EPYC 7R13,AuthenticAMD
p5.48xlarge,ap-northeast-1,apne1-az4,1,0.0,0.0,2.0,68.8,23.4422,65,p5,AC,p,192.0,2048.0,33539.1601,AMD EPYC 7R13 Processor,AMD EPYC 7R13,AuthenticAMD
r5.12xlarge,ap-northeast-1,apne1-az1,3,35.0,50.0,2.5,3.648,1.1264,69,r5,Memory,r,48.0,384.0,25106.0895558,Intel(R) Xeon(R) Platinum 8175M CPU @ 2.50GHz,Intel(R) Xeon(R) Platinum 8175M CPU @ 2.50GHz,Intel
r5.12xlarge,ap-northeast-1,apne1-az2,3,20.0,35.0,2.5,3.648,1.0955,69,r5,Memory,r,48.0,384.0,25106.0895558,Intel(R) Xeon(R) Platinum 8175M CPU @ 2.50GHz,Intel(R) Xeon(R) Platinum 8175M CPU @ 2.50GHz,Intel
r5.12xlarge,ap-northeast-1,apne1-az4,3,25.0,40.0,2.5,3.648,1.1375,68,r5,Memory,r,48.0,384.0,25106.0895558,Intel(R) Xeon(R) Platinum 8175M CPU @ 2.50GHz,Intel(R) Xeon(R) Platinum 8175M CPU @ 2.50GHz,Intel
r5.16xlarge,ap-northeast-1,apne1-az1,3,10.0,20.0,2.5,4.864,1.4062,71,r5,Memory,r,64.0,512.0,23138.969002,Intel(R) Xeon(R) Platinum 8175M CPU @ 2.50GHz,Intel(R) Xeon(R) Platinum 8175M CPU @ 2.50GHz,Intel
r5.16xlarge,ap-northeast-1,apne1-az2,3,15.0,25.0,2.5,4.864,1.3706,71,r5,Memory,r,64.0,512.0,23138.969002,Intel(R) Xeon(R) Platinum 8175M CPU @ 2.50GHz,Intel(R) Xeon(R) Platinum 8175M CPU @ 2.50GHz,Intel
r5.16xlarge,ap-northeast-1,apne1-az4,3,15.0,25.0,2.5,4.864,1.4159,70,r5,Memory,r,64.0,512.0,23138.969002,Intel(R) Xeon(R) Platinum 8175M CPU @ 2.50GHz,Intel(R) Xeon(R) Platinum 8175M CPU @ 2.50GHz,Intel
r5.24xlarge,ap-northeast-1,apne1-az1,3,15.0,20.0,1.0,7.296,2.2749,68,r5,Memory,r,96.0,768.0,25101.5488438,Intel(R) Xeon(R) Platinum 8175M CPU @ 2.50GHz,Intel(R) Xeon(R) Platinum 8175M CPU @ 2.50GHz,Intel
r5.24xlarge,ap-northeast-1,apne1-az2,3,10.0,20.0,1.0,7.296,2.2987,68,r5,Memory,r,96.0,768.0,25101.5488438,Intel(R) Xeon(R) Platinum 8175M CPU @ 2.50GHz,Intel(R) Xeon(R) Platinum 8175M CPU @ 2.50GHz,Intel
r5.24xlarge,ap-northeast-1,apne1-az4,3,5.0,5.0,1.0,7.296,2.8158,61,r5,Memory,r,96.0,768.0,25101.5488438,Intel(R) Xeon(R) Platinum 8175M CPU @ 2.50GHz,Intel(R) Xeon(R) Platinum 8175M CPU @ 2.50GHz,Intel
r5.2xlarge,ap-northeast-1,apne1-az1,3,50.0,50.0,1.5,0.608,0.1867,69,r5,Memory,r,8.0,64.0,23157.4809938,Intel(R) Xeon(R) Platinum 8175M CPU @ 2.50GHz,Intel(R) Xeon(R) Platinum 8175M CPU @ 2.50GHz,Intel
r5.2xlarge,ap-northeast-1,apne1-az2,3,50.0,50.0,1.5,0.608,0.194,68,r5,Memory,r,8.0,64.0,23157.4809938,Intel(R) Xeon(R) Platinum 8175M CPU @ 2.50GHz,Intel(R) Xeon(R) Platinum 8175M CPU @ 2.50GHz,Intel
r5.2xlarge,ap-northeast-1,apne1-az4,3,50.0,50.0,1.5,0.608,0.1907,68,r5,Memory,r,8.0,64.0,23157.4809938,Intel(R) Xeon(R) Platinum 8175M CPU @ 2.50GHz,Intel(R) Xeon(R) Platinum 8175M CPU @ 2.50GHz,Intel
r5.4xlarge,ap-northeast-1,apne1-az1,3,50.0,50.0,2.5,1.216,0.3791,68,r5,Memory,r,16.0,128.0,23189.498612000003,Intel(R) Xeon(R) Platinum 8259CL CPU @ 2.50GHz,Intel(R) Xeon(R) Platinum 8259CL CPU @ 2.50GHz,Intel
r5.4xlarge,ap-northeast-1,apne1-az2,3,50.0,50.0,2.5,1.216,0.4043,66,r5,Memory,r,16.0,128.0,23189.498612000003,Intel(R) Xeon(R) Platinum 8259CL CPU @ 2.50GHz,Intel(R) Xeon(R) Platinum 8259CL CPU @ 2.50GHz,Intel
r5.4xlarge,ap-northeast-1,apne1-az4,3,50.0,50.0,2.5,1.216,0.3879,68,r5,Memory,r,16.0,128.0,23189.498612000003,Intel(R) Xeon(R) Platinum 8259CL CPU @ 2.50GHz,Intel(R) Xeon(R) Platinum 8259CL CPU @ 2.50GHz,Intel
r5.8xlarge,ap-northeast-1,apne1-az1,3,45.0,50.0,3.0,2.432,0.7316,69,r5,Memory,r,32.0,256.0,23163.177744,Intel(R) Xeon(R) Platinum 8259CL CPU @ 2.50GHz,Intel(R) Xeon(R) Platinum 8259CL CPU @ 2.50GHz,Intel
r5.8xlarge,ap-northeast-1,apne1-az2,3,25.0,35.0,3.0,2.432,0.7781,68,r5,Memory,r,32.0,256.0,23163.177744,Intel(R) Xeon(R) Platinum 8259CL CPU @ 2.50GHz,Intel(R) Xeon(R) Platinum 8259CL CPU @ 2.50GHz,Intel
r5.8xlarge,ap-northeast-1,apne1-az4,3,50.0,50.0,3.0,2.432,0.7167,70,r5,Memory,r,32.0,256.0,23163.177744,Intel(R) Xeon(R) Platinum 8259CL CPU @ 2.50GHz,Intel(R) Xeon(R) Platinum 8259CL CPU @ 2.50GHz,Intel
r5.large,ap-northeast-1,apne1-az1,3,50.0,50.0,1.5,0.152,0.0474,68,r5,Memory,r,2.0,16.0,23139.1854922,Intel(R) Xeon(R) Platinum 8175M CPU @ 2.50GHz,Intel(R) Xeon(R) Platinum 8175M CPU @ 2.50GHz,Intel
r5.large,ap-northeast-1,apne1-az2,3,50.0,50.0,1.5,0.152,0.0641,57,r5,Memory,r,2.0,16.0,23139.1854922,Intel(R) Xeon(R) Platinum 8175M CPU @ 2.50GHz,Intel(R) Xeon(R) Platinum 8175M CPU @ 2.50GHz,Intel
r5.large,ap-northeast-1,apne1-az4,3,50.0,50.0,1.5,0.152,0.0467,69,r5,Memory,r,2.0,16.0,23139.1854922,Intel(R) Xeon(R) Platinum 8175M CPU @ 2.50GHz,Intel(R) Xeon(R) Platinum 8175M CPU @ 2.50GHz,Intel
r5.xlarge,ap-northeast-1,apne1-az1,3,50.0,50.0,1.5,0.304,0.1057,65,r5,Memory,r,4.0,32.0,23165.421097,Intel(R) Xeon(R) Platinum 8259CL CPU @ 2.50GHz,Intel(R) Xeon(R) Platinum 8259CL CPU @ 2.50GHz,Intel
r5.xlarge,ap-northeast-1,apne1-az2,3,50.0,50.0,1.5,0.304,0.0979,67,r5,Memory,r,4.0,32.0,23165.421097,Intel(R) Xeon(R) Platinum 8259CL CPU @ 2.50GHz,Intel(R) Xeon(R) Platinum 8259CL CPU @ 2.50GHz,Intel
r5.xlarge,ap-northeast-1,apne1-az4,3,50.0,50.0,1.5,0.304,0.0982,67,r5,Memory,r,4.0,32.0,23165.421097,Intel(R) Xeon(R) Platinum 8259CL CPU @ 2.50GHz,Intel(R) Xeon(R) Platinum 8259CL CPU @ 2.50GHz,Intel
r5a.12xlarge,ap-northeast-1,apne1-az1,3,1.0,5.0,2.5,3.288,1.6089,51,r5a,Memory,r,48.0,384.0,16971.3349448,AMD EPYC 7571,AMD EPYC 7571,AuthenticAMD
r5a.12xlarge,ap-northeast-1,apne1-az2,1,0.0,0.0,2.5,3.288,0.9505,71,r5a,Memory,r,48.0,384.0,16971.3349448,AMD EPYC 7571,AMD EPYC 7571,AuthenticAMD
r5a.12xlarge,ap-northeast-1,apne1-az4,3,1.0,1.0,2.5,3.288,1.2935,60,r5a,Memory,r,48.0,384.0,16971.3349448,AMD EPYC 7571,AMD EPYC 7571,AuthenticAMD
r5a.16xlarge,ap-northeast-1,apne1-az1,3,1.0,1.0,2.0,4.384,1.5763,64,r5a,Memory,r,64.0,512.0,16752.004235200002,AMD EPYC 7571,AMD EPYC 7571,AuthenticAMD
r5a.16xlarge,ap-northeast-1,apne1-az2,1,0.0,0.0,2.0,4.384,1.3211,69,r5a,Memory,r,64.0,512.0,16752.004235200002,AMD EPYC 7571,AMD EPYC 7571,AuthenticAMD
r5a.16xlarge,ap-northeast-1,apne1-az4,3,1.0,5.0,2.0,4.384,1.7796,59,r5a,Memory,r,64.0,512.0,16752.004235200002,AMD EPYC 7571,AMD EPYC 7571,AuthenticAMD
r5a.24xlarge,ap-northeast-1,apne1-az1,3,10.0,15.0,3.0,6.576,2.0095,69,r5a,Memory,r,96.0,768.0,16853.4135502,AMD EPYC 7571,AMD EPYC 7571,AuthenticAMD
r5a.24xlarge,ap-northeast-1,apne1-az2,1,0.0,0.0,3.0,6.576,1.9831,69,r5a,Memory,r,96.0,768.0,16853.4135502,AMD EPYC 7571,AMD EPYC 7571,AuthenticAMD
r5a.24xlarge,ap-northeast-1,apne1-az4,3,5.0,10.0,3.0,6.576,2.2095,66,r5a,Memory,r,96.0,768.0,16853.4135502,AMD EPYC 7571,AMD EPYC 7571,AuthenticAMD
r5a.2xlarge,ap-northeast-1,apne1-az1,3,15.0,25.0,3.0,0.548,0.2658,51,r5a,Memory,r,8.0,64.0,16989.3689954,AMD EPYC 7571,AMD EPYC 7571,AuthenticAMD
r5a.2xlarge,ap-northeast-1,apne1-az2,3,1.0,5.0,3.0,0.548,0.1899,65,r5a,Memory,r,8.0,64.0,16989.3689954,AMD EPYC 7571,AMD EPYC 7571,AuthenticAMD
r5a.2xlarge,ap-northeast-1,apne1-az4,3,50.0,50.0,3.0,0.548,0.1998,63,r5a,Memory,r,8.0,64.0,16989.3689954,AMD EPYC 7571,AMD EPYC 7571,AuthenticAMD
r5a.4xlarge,ap-northeast-1,apne1-az1,3,40.0,50.0,3.0,1.096,0.3901,64,r5a,Memory,r,16.0,128.0,17011.155944399998,AMD EPYC 7571,AMD EPYC 7571,AuthenticAMD
r5a.4xlarge,ap-northeast-1,apne1-az2,3,5.0,10.0,3.0,1.096,0.3825,65,r5a,Memory,r,16.0,128.0,17011.155944399998,AMD EPYC 7571,AMD EPYC 7571,AuthenticAMD
r5a.4xlarge,ap-northeast-1,apne1-az4,3,50.0,50.0,3.0,1.096,0.3852,64,r5a,Memory,r,16.0,128.0,17011.155944399998,AMD EPYC 7571,AMD EPYC 7571,AuthenticAMD
r5a.8xlarge,ap-northeast-1,apne1-az1,3,1.0,5.0,3.0,2.192,0.8663,60,r5a,Memory,r,32.0,256.0,16999.4311834,AMD EPYC 7571,AMD EPYC 7571,AuthenticAMD
r5a.8xlarge,ap-northeast-1,apne1-az2,3,5.0,5.0,3.0,2.192,0.8574,60,r5a,Memory,r,32.0,256.0,16999.4311834,AMD EPYC 7571,AMD EPYC 7571,AuthenticAMD
r5a.8xlarge,ap-northeast-1,apne1-az4,3,15.0,20.0,3.0,2.192,0.9032,58,r5a,Memory,r,32.0,256.0,16999.4311834,AMD EPYC 7571,AMD EPYC 7571,AuthenticAMD
r5a.large,ap-northeast-1,apne1-az1,3,50.0,50.0,3.0,0.137,0.0518,62,r5a,Memory,r,2.0,16.0,16915.113766200004,AMD EPYC 7571,AMD EPYC 7571,AuthenticAMD
r5a.large,ap-northeast-1,apne1-az2,3,20.0,30.0,3.0,0.137,0.0451,67,r5a,Memory,r,2.0,16.0,16915.113766200004,AMD EPYC 7571,AMD EPYC 7571,AuthenticAMD
r5a.large,ap-northeast-1,apne1-az4,3,50.0,50.0,3.0,0.137,0.0533,61,r5a,Memory,r,2.0,16.0,16915.113766200004,AMD EPYC 7571,AMD EPYC 7571,AuthenticAMD
r5a.xlarge,ap-northeast-1,apne1-az1,3,45.0,50.0,3.0,0.274,0.1266,53,r5a,Memory,r,4.0,32.0,16977.586285999998,AMD EPYC 7571,AMD EPYC 7571,AuthenticAMD
r5a.xlarge,ap-northeast-1,apne1-az2,3,10.0,15.0,3.0,0.274,0.0932,65,r5a,Memory,r,4.0,32.0,16977.586285999998,AMD EPYC 7571,AMD EPYC 7571,AuthenticAMD
r5a.xlarge,ap-northeast-1,apne1-az4,3,50.0,50.0,3.0,0.274,0.1068,61,r5a,Memory,r,4.0,32.0,16977.586285999998,AMD EPYC 7571,AMD EPYC 7571,AuthenticAMD
r5ad.12xlarge,ap-northeast-1,apne1-az2,2,0.0,1.0,2.0,3.816,1.4141,62,r5ad,Memory,r,48.0,384.0,16959.6965,AMD EPYC 7571,AMD EPYC 7571,AuthenticAMD
r5ad.12xlarge,ap-northeast-1,apne1-az4,3,1.0,1.0,2.0,3.816,1.3801,63,r5ad,Memory,r,48.0,384.0,16959.6965,AMD EPYC 7571,AMD EPYC 7571,AuthenticAMD
r5ad.16xlarge,ap-northeast-1,apne1-az2,3,1.0,1.0,2.5,5.088,1.6145,68,r5ad,Memory,r,64.0,512.0,16977.9413,AMD EPYC 7571,AMD EPYC 7571,AuthenticAMD
r5ad.16xlarge,ap-northeast-1,apne1-az4,3,5.0,5.0,2.5,5.088,1.5955,68,r5ad,Memory,r,64.0,512.0,16977.9413,AMD EPYC 7571,AMD EPYC 7571,AuthenticAMD
r5ad.24xlarge,ap-northeast-1,apne1-az2,3,1.0,1.0,2.0,7.632,2.2674,70,r5ad,Memory,r,96.0,768.0,16998.3747,AMD EPYC 7571,AMD EPYC 7571,AuthenticAMD
r5ad.24xlarge,ap-northeast-1,apne1-az4,3,5.0,5.0,2.0,7.632,2.3169,69,r5ad,Memory,r,96.0,768.0,16998.3747,AMD EPYC 7571,AMD EPYC 7571,AuthenticAMD
r5ad.2xlarge,ap-northeast-1,apne1-az2,3,1.0,1.0,3.0,0.636,0.2605,59,r5ad,Memory,r,8.0,64.0,16996.7251,AMD EPYC 7571,AMD EPYC 7571,AuthenticAMD
r5ad.2xlarge,ap-northeast-1,apne1-az4,3,1.0,5.0,3.0,0.636,0.2928,53,r5ad,Memory,r,8.0,64.0,16996.7251,AMD EPYC 7571,AMD EPYC 7571,AuthenticAMD
r5ad.4xlarge,ap-northeast-1,apne1-az2,3,1.0,1.0,2.0,1.272,0.4793,62,r5ad,Memory,r,16.0,128.0,16987.5317,AMD EPYC 7571,AMD EPYC 7571,AuthenticAMD
r5ad.4xlarge,ap-northeast-1,apne1-az4,3,1.0,1.0,2.0,1.272,0.6955,45,r5ad,Memory,r,16.0,128.0,16987.5317,AMD EPYC 7571,AMD EPYC 7571,AuthenticAMD
r5ad.8xlarge,ap-northeast-1,apne1-az2,2,0.0,1.0,2.5,2.544,0.8801,65,r5ad,Memory,r,32.0,256.0,16987.6585,AMD EPYC 7571,AMD EPYC 7571,AuthenticAMD
r5ad.8xlarge,ap-northeast-1,apne1-az4,3,1.0,1.0,2.5,2.544,1.2407,51,r5ad,Memory,r,32.0,256.0,16987.6585,AMD EPYC 7571,AMD EPYC 7571,AuthenticAMD
r5ad.large,ap-northeast-1,apne1-az2,3,1.0,5.0,3.0,0.159,0.0549,65,r5ad,Memory,r,2.0,16.0,16982.6224,AMD EPYC 7571,AMD EPYC 7571,AuthenticAMD
r5ad.large,ap-northeast-1,apne1-az4,3,30.0,45.0,3.0,0.159,0.0562,64,r5ad,Memory,r,2.0,16.0,16982.6224,AMD EPYC 7571,AMD EPYC 7571,AuthenticAMD
r5ad.xlarge,ap-northeast-1,apne1-az2,3,1.0,1.0,3.0,0.318,0.1184,62,r5ad,Memory,r,4.0,32.0,16992.2742,AMD EPYC 7571,AMD EPYC 7571,AuthenticAMD
r5ad.xlarge,ap-northeast-1,apne1-az4,3,5.0,10.0,3.0,0.318,0.1445,54,r5ad,Memory,r,4.0,32.0,16992.2742,AMD EPYC 7571,AMD EPYC 7571,AuthenticAMD
r5b.12xlarge,ap-northeast-1,apne1-az1,3,1.0,1.0,2.0,4.344,1.474,66,r5b,Memory,r,48.0,384.0,25059.6538636,Intel(R) Xeon(R) Platinum 8259CL CPU @ 2.50GHz,Intel(R) Xeon(R) Platinum 8259CL CPU @ 2.50GHz,Intel
r5b.12xlarge,ap-northeast-1,apne1-az2,3,1.0,1.0,2.0,4.344,1.3298,69,r5b,Memory,r,48.0,384.0,25059.6538636,Intel(R) Xeon(R) Platinum 8259CL CPU @ 2.50GHz,Intel(R) Xeon(R) Platinum 8259CL CPU @ 2.50GHz,Intel
r5b.12xlarge,ap-northeast-1,apne1-az4,3,1.0,1.0,2.0,4.344,2.0893,51,r5b,Memory,r,48.0,384.0,25059.6538636,Intel(R) Xeon(R) Platinum 8259CL CPU @ 2.50GHz,Intel(R) Xeon(R) Platinum 8259CL CPU @ 2.50GHz,Intel
r5b.16xlarge,ap-northeast-1,apne1-az1,3,1.0,1.0,2.0,5.792,1.8752,67,r5b,Memory,r,64.0,512.0,23920.0184832,Intel(R) Xeon(R) Platinum 8259CL CPU @ 2.50GHz,Intel(R) Xeon(R) Platinum 8259CL CPU @ 2.50GHz,Intel
r5b.16xlarge,ap-northeast-1,apne1-az2,3,1.0,5.0,2.0,5.792,1.856,67,r5b,Memory,r,64.0,512.0,23920.0184832,Intel(R) Xeon(R) Platinum 8259CL CPU @ 2.50GHz,Intel(R) Xeon(R) Platinum 8259CL CPU @ 2.50GHz,Intel
r5b.16xlarge,ap-northeast-1,apne1-az4,3,1.0,5.0,2.0,5.792,1.8599,67,r5b,Memory,r,64.0,512.0,23920.0184832,Intel(R) Xeon(R) Platinum 8259CL CPU @ 2.50GHz,Intel(R) Xeon(R) Platinum 8259CL CPU @ 2.50GHz,Intel
r5b.24xlarge,ap-northeast-1,apne1-az1,3,5.0,10.0,3.0,8.688,2.7663,68,r5b,Memory,r,96.0,768.0,25021.339616200003,Intel(R) Xeon(R) Platinum 8259CL CPU @ 2.50GHz,Intel(R) Xeon(R) Platinum 8259CL CPU @ 2.50GHz,Intel
r5b.24xlarge,ap-northeast-1,apne1-az2,3,5.0,5.0,3.0,8.688,2.5112,71,r5b,Memory,r,96.0,768.0,25021.339616200003,Intel(R) Xeon(R) Platinum 8259CL CPU @ 2.50GHz,Intel(R) Xeon(R) Platinum 8259CL CPU @ 2.50GHz,Intel
r5b.24xlarge,ap-northeast-1,apne1-az4,3,10.0,15.0,3.0,8.688,2.7655,68,r5b,Memory,r,96.0,768.0,25021.339616200003,Intel(R) Xeon(R) Platinum 8259CL CPU @ 2.50GHz,Intel(R) Xeon(R) Platinum 8259CL CPU @ 2.50GHz,Intel
r5b.2xlarge,ap-northeast-1,apne1-az1,3,1.0,5.0,3.0,0.724,0.2959,59,r5b,Memory,r,8.0,64.0,23936.0482632,Intel(R) Xeon(R) Platinum 8259CL CPU @ 2.50GHz,Intel(R) Xeon(R) Platinum 8259CL CPU @ 2.50GHz,Intel
r5b.2xlarge,ap-northeast-1,apne1-az2,3,1.0,5.0,3.0,0.724,0.2482,65,r5b,Memory,r,8.0,64.0,23936.0482632,Intel(R) Xeon(R) Platinum 8259CL CPU @ 2.50GHz,Intel(R) Xeon(R) Platinum 8259CL CPU @ 2.50GHz,Intel
r5b.2xlarge,ap-northeast-1,apne1-az4,3,5.0,5.0,3.0,0.724,0.3041,57,r5b,Memory,r,8.0,64.0,23936.0482632,Intel(R) Xeon(R) Platinum 8259CL CPU @ 2.50GHz,Intel(R) Xeon(R) Platinum 8259CL CPU @ 2.50GHz,Intel
r5b.4xlarge,ap-northeast-1,apne1-az1,3,1.0,5.0,2.5,1.448,0.4527,68,r5b,Memory,r,16.0,128.0,23146.9630418,Intel(R) Xeon(R) Platinum 8259CL CPU @ 2.50GHz,Intel(R) Xeon(R) Platinum 8259CL CPU @ 2.50GHz,Intel
r5b.4xlarge,ap-northeast-1,apne1-az2,3,1.0,5.0,2.5,1.448,0.4426,69,r5b,Memory,r,16.0,128.0,23146.9630418,Intel(R) Xeon(R) Platinum 8259CL CPU @ 2.50GHz,Intel(R) Xeon(R) Platinum 8259CL CPU @ 2.50GHz,Intel
r5b.4xlarge,ap-northeast-1,apne1-az4,3,1.0,5.0,2.5,1.448,0.639,55,r5b,Memory,r,16.0,128.0,23146.9630418,Intel(R) Xeon(R) Platinum 8259CL CPU @ 2.50GHz,Intel(R) Xeon(R) Platinum 8259CL CPU @ 2.50GHz,Intel
r5b.8xlarge,ap-northeast-1,apne1-az1,3,1.0,1.0,2.5,2.896,1.0385,64,r5b,Memory,r,32.0,256.0,23938.1172104,Intel(R) Xeon(R) Platinum 8259CL CPU @ 2.50GHz,Intel(R) Xeon(R) Platinum 8259CL CPU @ 2.50GHz,Intel
r5b.8xlarge,ap-northeast-1,apne1-az2,3,1.0,1.0,2.5,2.896,0.9242,68,r5b,Memory,r,32.0,256.0,23938.1172104,Intel(R) Xeon(R) Platinum 8259CL CPU @ 2.50GHz,Intel(R) Xeon(R) Platinum 8259CL CPU @ 2.50GHz,Intel
r5b.8xlarge,ap-northeast-1,apne1-az4,3,1.0,1.0,2.5,2.896,1.2979,55,r5b,Memory,r,32.0,256.0,23938.1172104,Intel(R) Xeon(R) Platinum 8259CL CPU @ 2.50GHz,Intel(R) Xeon(R) Platinum 8259CL CPU @ 2.50GHz,Intel
r5b.large,ap-northeast-1,apne1-az1,3,20.0,35.0,3.0,0.181,0.0577,68,r5b,Memory,r,2.0,16.0,23929.4200492,Intel(R) Xeon(R) Platinum 8259CL CPU @ 2.50GHz,Intel(R) Xeon(R) Platinum 8259CL CPU @ 2.50GHz,Intel
r5b.large,ap-northeast-1,apne1-az2,3,15.0,25.0,3.0,0.181,0.0581,67,r5b,Memory,r,2.0,16.0,23929.4200492,Intel(R) Xeon(R) Platinum 8259CL CPU @ 2.50GHz,Intel(R) Xeon(R) Platinum 8259CL CPU @ 2.50GHz,Intel
r5b.large,ap-northeast-1,apne1-az4,3,35.0,50.0,3.0,0.181,0.0545,69,r5b,Memory,r,2.0,16.0,23929.4200492,Intel(R) Xeon(R) Platinum 8259CL CPU @ 2.50GHz,Intel(R) Xeon(R) Platinum 8259CL CPU @ 2.50GHz,Intel
r5b.xlarge,ap-northeast-1,apne1-az1,3,5.0,10.0,3.0,0.362,0.1256,65,r5b,Memory,r,4.0,32.0,23913.956567000005,Intel(R) Xeon(R) Platinum 8259CL CPU @ 2.50GHz,Intel(R) Xeon(R) Platinum 8259CL CPU @ 2.50GHz,Intel
r5b.xlarge,ap-northeast-1,apne1-az2,3,5.0,5.0,3.0,0.362,0.14,61,r5b,Memory,r,4.0,32.0,23913.956567000005,Intel(R) Xeon(R) Platinum 8259CL CPU @ 2.50GHz,Intel(R) Xeon(R) Platinum 8259CL CPU @ 2.50GHz,Intel
r5b.xlarge,ap-northeast-1,apne1-az4,3,10.0,20.0,3.0,0.362,0.145,59,r5b,Memory,r,4.0,32.0,23913.956567000005,Intel(R) Xeon(R) Platinum 8259CL CPU @ 2.50GHz,Intel(R) Xeon(R) Platinum 8259CL CPU @ 2.50GHz,Intel
r5d.12xlarge,ap-northeast-1,apne1-az1,3,1.0,1.0,1.0,4.176,1.3629,67,r5d,Memory,r,48.0,384.0,25048.1011,Intel(R) Xeon(R) Platinum 8259CL CPU @ 2.50GHz,Intel(R) Xeon(R) Platinum 8259CL CPU @ 2.50GHz,Intel
r5d.12xlarge,ap-northeast-1,apne1-az2,3,1.0,1.0,1.0,4.176,1.2904,69,r5d,Memory,r,48.0,384.0,25048.1011,Intel(R) Xeon(R) Platinum 8259CL CPU @ 2.50GHz,Intel(R) Xeon(R) Platinum 8259CL CPU @ 2.50GHz,Intel
r5d.12xlarge,ap-northeast-1,apne1-az4,3,1.0,1.0,1.0,4.176,1.4229,65,r5d,Memory,r,48.0,384.0,25048.1011,Intel(R) Xeon(R) Platinum 8259CL CPU @ 2.50GHz,Intel(R) Xeon(R) Platinum 8259CL CPU @ 2.50GHz,Intel
r5d.16xlarge,ap-northeast-1,apne1-az1,3,1.0,5.0,2.0,5.568,1.7674,68,r5d,Memory,r,64.0,512.0,23188.1124,Intel(R) Xeon(R) Platinum 8259CL CPU @ 2.50GHz,Intel(R) Xeon(R) Platinum 8259CL CPU @ 2.50GHz,Intel
r5d.16xlarge,ap-northeast-1,apne1-az2,3,1.0,1.0,2.0,5.568,1.8023,67,r5d,Memory,r,64.0,512.0,23188.1124,Intel(R) Xeon(R) Platinum 8259CL CPU @ 2.50GHz,Intel(R) Xeon(R) Platinum 8259CL CPU @ 2.50GHz,Intel
r5d.16xlarge,ap-northeast-1,apne1-az4,3,5.0,5.0,2.0,5.568,1.7186,69,r5d,Memory,r,64.0,512.0,23188.1124,Intel(R) Xeon(R) Platinum 8259CL CPU @ 2.50GHz,Intel(R) Xeon(R) Platinum 8259CL CPU @ 2.50GHz,Intel
r5d.24xlarge,ap-northeast-1,apne1-az1,3,1.0,5.0,1.0,8.352,2.6745,67,r5d,Memory,r,96.0,768.0,25114.6541,Intel(R) Xeon(R) Platinum 8175M CPU @ 2.50GHz,Intel(R) Xeon(R) Platinum 8175M CPU @ 2.50GHz,Intel
r5d.24xlarge,ap-northeast-1,apne1-az2,3,1.0,1.0,1.0,8.352,2.652,68,r5d,Memory,r,96.0,768.0,25114.6541,Intel(R) Xeon(R) Platinum 8175M CPU @ 2.50GHz,Intel(R) Xeon(R) Platinum 8175M CPU @ 2.50GHz,Intel
r5d.24xlarge,ap-northeast-1,apne1-az4,3,1.0,1.0,1.0,8.352,2.4413,70,r5d,Memory,r,96.0,768.0,25114.6541,Intel(R) Xeon(R) Platinum 8175M CPU @ 2.50GHz,Intel(R) Xeon(R) Platinum 8175M CPU @ 2.50GHz,Intel
r5d.2xlarge,ap-northeast-1,apne1-az1,3,5.0,5.0,1.0,0.696,0.2527,63,r5d,Memory,r,8.0,64.0,23103.9288,Intel(R) Xeon(R) Platinum 8259CL CPU @ 2.50GHz,Intel(R) Xeon(R) Platinum 8259CL CPU @ 2.50GHz,Intel
r5d.2xlarge,ap-northeast-1,apne1-az2,3,1.0,1.0,1.0,0.696,0.204,70,r5d,Memory,r,8.0,64.0,23103.9288,Intel(R) Xeon(R) Platinum 8259CL CPU @ 2.50GHz,Intel(R) Xeon(R) Platinum 8259CL CPU @ 2.50GHz,Intel
r5d.2xlarge,ap-northeast-1,apne1-az4,3,10.0,15.0,1.0,0.696,0.2186,68,r5d,Memory,r,8.0,64.0,23103.9288,Intel(R) Xeon(R) Platinum 8259CL CPU @ 2.50GHz,Intel(R) Xeon(R) Platinum 8259CL CPU @ 2.50GHz,Intel
r5d.4xlarge,ap-northeast-1,apne1-az1,3,5.0,5.0,1.5,1.392,0.449,67,r5d,Memory,r,16.0,128.0,23125.8915,Intel(R) Xeon(R) Platinum 8175M CPU @ 2.50GHz,Intel(R) Xeon(R) Platinum 8175M CPU @ 2.50GHz,Intel
r5d.4xlarge,ap-northeast-1,apne1-az2,3,1.0,1.0,1.5,1.392,0.4287,69,r5d,Memory,r,16.0,128.0,23125.8915,Intel(R) Xeon(R) Platinum 8175M CPU @ 2.50GHz,Intel(R) Xeon(R) Platinum 8175M CPU @ 2.50GHz,Intel
r5d.4xlarge,ap-northeast-1,apne1-az4,3,5.0,10.0,1.5,1.392,0.4451,68,r5d,Memory,r,16.0,128.0,23125.8915,Intel(R) Xeon(R) Platinum 8175M CPU @ 2.50GHz,Intel(R) Xeon(R) Platinum 8175M CPU @ 2.50GHz,Intel
r5d.8xlarge,ap-northeast-1,apne1-az1,3,5.0,10.0,1.0,2.784,0.8934,67,r5d,Memory,r,32.0,256.0,23911.1143,Intel(R) Xeon(R) Platinum 8175M CPU @ 2.50GHz,Intel(R) Xeon(R) Platinum 8175M CPU @ 2.50GHz,Intel
r5d.8xlarge,ap-northeast-1,apne1-az2,3,1.0,5.0,1.0,2.784,0.8374,69,r5d,Memory,r,32.0,256.0,23911.1143,Intel(R) Xeon(R) Platinum 8175M CPU @ 2.50GHz,Intel(R) Xeon(R) Platinum 8175M CPU @ 2.50GHz,Intel
r5d.8xlarge,ap-northeast-1,apne1-az4,3,5.0,5.0,1.0,2.784,0.8847,68,r5d,Memory,r,32.0,256.0,23911.1143,Intel(R) Xeon(R) Platinum 8175M CPU @ 2.50GHz,Intel(R) Xeon(R) Platinum 8175M CPU @ 2.50GHz,Intel
r5d.large,ap-northeast-1,apne1-az1,3,15.0,25.0,2.0,0.174,0.0668,61,r5d,Memory,r,2.0,16.0,23160.492,Intel(R) Xeon(R) Platinum 8259CL CPU @ 2.50GHz,Intel(R) Xeon(R) Platinum 8259CL CPU @ 2.50GHz,Intel
r5d.large,ap-northeast-1,apne1-az2,3,1.0,5.0,2.0,0.174,0.0577,66,r5d,Memory,r,2.0,16.0,23160.492,Intel(R) Xeon(R) Platinum 8259CL CPU @ 2.50GHz,Intel(R) Xeon(R) Platinum 8259CL CPU @ 2.50GHz,Intel
r5d.large,ap-northeast-1,apne1-az4,3,10.0,20.0,2.0,0.174,0.0594,65,r5d,Memory,r,2.0,16.0,23160.492,Intel(R) Xeon(R) Platinum 8259CL CPU @ 2.50GHz,Intel(R) Xeon(R) Platinum 8259CL CPU @ 2.50GHz,Intel
r5d.xlarge,ap-northeast-1,apne1-az1,3,5.0,10.0,1.0,0.348,0.1531,56,r5d,Memory,r,4.0,32.0,23151.0518,Intel(R) Xeon(R) Platinum 8175M CPU @ 2.50GHz,Intel(R) Xeon(R) Platinum 8175M CPU @ 2.50GHz,Intel
r5d.xlarge,ap-northeast-1,apne1-az2,3,1.0,5.0,1.0,0.348,0.1516,56,r5d,Memory,r,4.0,32.0,23151.0518,Intel(R) Xeon(R) Platinum 8175M CPU @ 2.50GHz,Intel(R) Xeon(R) Platinum 8175M CPU @ 2.50GHz,Intel
r5d.xlarge,ap-northeast-1,apne1-az4,3,10.0,10.0,1.0,0.348,0.1499,56,r5d,Memory,r,4.0,32.0,23151.0518,Intel(R) Xeon(R) Platinum 8175M CPU @ 2.50GHz,Intel(R) Xeon(R) Platinum 8175M CPU @ 2.50GHz,Intel
r5dn.12xlarge,ap-northeast-1,apne1-az1,3,1.0,1.0,3.0,4.872,1.4227,70,r5dn,Memory,r,48.0,384.0,25063.1634,Intel(R) Xeon(R) Platinum 8259CL CPU @ 2.50GHz,Intel(R) Xeon(R) Platinum 8259CL CPU @ 2.50GHz,Intel
r5dn.12xlarge,ap-northeast-1,apne1-az2,3,1.0,1.0,3.0,4.872,1.3875,71,r5dn,Memory,r,48.0,384.0,25063.1634,Intel(R) Xeon(R) Platinum 8259CL CPU @ 2.50GHz,Intel(R) Xeon(R) Platinum 8259CL CPU @ 2.50GHz,Intel
r5dn.12xlarge,ap-northeast-1,apne1-az4,3,1.0,1.0,3.0,4.872,1.6973,65,r5dn,Memory,r,48.0,384.0,25063.1634,Intel(R) Xeon(R) Platinum 8259CL CPU @ 2.50GHz,Intel(R) Xeon(R) Platinum 8259CL CPU @ 2.50GHz,Intel
r5dn.16xlarge,ap-northeast-1,apne1-az1,3,15.0,25.0,3.0,6.496,1.7861,72,r5dn,Memory,r,64.0,512.0,23927.9205,Intel(R) Xeon(R) Platinum 8259CL CPU @ 2.50GHz,Intel(R) Xeon(R) Platinum 8259CL CPU @ 2.50GHz,Intel
r5dn.16xlarge,ap-northeast-1,apne1-az2,3,1.0,1.0,3.0,6.496,2.1331,67,r5dn,Memory,r,64.0,512.0,23927.9205,Intel(R) Xeon(R) Platinum 8259CL CPU @ 2.50GHz,Intel(R) Xeon(R) Platinum 8259CL CPU @ 2.50GHz,Intel
r5dn.16xlarge,ap-northeast-1,apne1-az4,3,1.0,5.0,3.0,6.496,1.8951,70,r5dn,Memory,r,64.0,512.0,23927.9205,Intel(R) Xeon(R) Platinum 8259CL CPU @ 2.50GHz,Intel(R) Xeon(R) Platinum 8259CL CPU @ 2.50GHz,Intel
r5dn.24xlarge,ap-northeast-1,apne1-az1,3,1.0,1.0,3.0,9.744,2.7467,71,r5dn,Memory,r,96.0,768.0,25037.1989,Intel(R) Xeon(R) Platinum 8259CL CPU @ 2.50GHz,Intel(R) Xeon(R) Platinum 8259CL CPU @ 2.50GHz,Intel
r5dn.24xlarge,ap-northeast-1,apne1-az2,3,1.0,5.0,3.0,9.744,2.892,70,r5dn,Memory,r,96.0,768.0,25037.1989,Intel(R) Xeon(R) Platinum 8259CL CPU @ 2.50GHz,Intel(R) Xeon(R) Platinum 8259CL CPU @ 2.50GHz,Intel
r5dn.24xlarge,ap-northeast-1,apne1-az4,3,25.0,40.0,3.0,9.744,2.9955,69,r5dn,Memory,r,96.0,768.0,25037.1989,Intel(R) Xeon(R) Platinum 8259CL CPU @ 2.50GHz,Intel(R) Xeon(R) Platinum 8259CL CPU @ 2.50GHz,Intel
r5dn.2xlarge,ap-northeast-1,apne1-az1,3,5.0,10.0,3.0,0.812,0.3151,61,r5dn,Memory,r,8.0,64.0,23184.7619,Intel(R) Xeon(R) Platinum 8259CL CPU @ 2.50GHz,Intel(R) Xeon(R) Platinum 8259CL CPU @ 2.50GHz,Intel
r5dn.2xlarge,ap-northeast-1,apne1-az2,3,1.0,5.0,3.0,0.812,0.3085,62,r5dn,Memory,r,8.0,64.0,23184.7619,Intel(R) Xeon(R) Platinum 8259CL CPU @ 2.50GHz,Intel(R) Xeon(R) Platinum 8259CL CPU @ 2.50GHz,Intel
r5dn.2xlarge,ap-northeast-1,apne1-az4,3,10.0,15.0,3.0,0.812,0.3176,60,r5dn,Memory,r,8.0,64.0,23184.7619,Intel(R) Xeon(R) Platinum 8259CL CPU @ 2.50GHz,Intel(R) Xeon(R) Platinum 8259CL CPU @ 2.50GHz,Intel
r5dn.4xlarge,ap-northeast-1,apne1-az1,3,10.0,20.0,3.0,1.624,0.4965,69,r5dn,Memory,r,16.0,128.0,23159.7518,Intel(R) Xeon(R) Platinum 8259CL CPU @ 2.50GHz,Intel(R) Xeon(R) Platinum 8259CL CPU @ 2.50GHz,Intel
r5dn.4xlarge,ap-northeast-1,apne1-az2,3,15.0,25.0,3.0,1.624,0.4767,70,r5dn,Memory,r,16.0,128.0,23159.7518,Intel(R) Xeon(R) Platinum 8259CL CPU @ 2.50GHz,Intel(R) Xeon(R) Platinum 8259CL CPU @ 2.50GHz,Intel
r5dn.4xlarge,ap-northeast-1,apne1-az4,3,20.0,30.0,3.0,1.624,0.5194,68,r5dn,Memory,r,16.0,128.0,23159.7518,Intel(R) Xeon(R) Platinum 8259CL CPU @ 2.50GHz,Intel(R) Xeon(R) Platinum 8259CL CPU @ 2.50GHz,Intel
r5dn.8xlarge,ap-northeast-1,apne1-az1,3,5.0,5.0,2.5,3.248,0.971,70,r5dn,Memory,r,32.0,256.0,23931.4672,Intel(R) Xeon(R) Platinum 8259CL CPU @ 2.50GHz,Intel(R) Xeon(R) Platinum 8259CL CPU @ 2.50GHz,Intel
r5dn.8xlarge,ap-northeast-1,apne1-az2,3,1.0,1.0,2.5,3.248,0.9637,70,r5dn,Memory,r,32.0,256.0,23931.4672,Intel(R) Xeon(R) Platinum 8259CL CPU @ 2.50GHz,Intel(R) Xeon(R) Platinum 8259CL CPU @ 2.50GHz,Intel
r5dn.8xlarge,ap-northeast-1,apne1-az4,3,5.0,5.0,2.5,3.248,1.2675,60,r5dn,Memory,r,32.0,256.0,23931.4672,Intel(R) Xeon(R) Platinum 8259CL CPU @ 2.50GHz,Intel(R) Xeon(R) Platinum 8259CL CPU @ 2.50GHz,Intel
r5dn.large,ap-northeast-1,apne1-az1,3,45.0,50.0,3.0,0.203,0.0587,71,r5dn,Memory,r,2.0,16.0,23142.5097,Intel(R) Xeon(R) Platinum 8259CL CPU @ 2.50GHz,Intel(R) Xeon(R) Platinum 8259CL CPU @ 2.50GHz,Intel
r5dn.large,ap-northeast-1,apne1-az2,3,10.0,15.0,3.0,0.203,0.0595,70,r5dn,Memory,r,2.0,16.0,23142.5097,Intel(R) Xeon(R) Platinum 8259CL CPU @ 2.50GHz,Intel(R) Xeon(R) Platinum 8259CL CPU @ 2.50GHz,Intel
r5dn.large,ap-northeast-1,apne1-az4,3,50.0,50.0,3.0,0.203,0.0674,66,r5dn,Memory,r,2.0,16.0,23142.5097,Intel(R) Xeon(R) Platinum 8259CL CPU @ 2.50GHz,Intel(R) Xeon(R) Platinum 8259CL CPU @ 2.50GHz,Intel
r5dn.xlarge,ap-northeast-1,apne1-az1,3,15.0,25.0,3.0,0.406,0.1476,63,r5dn,Memory,r,4.0,32.0,23922.3073,Intel(R) Xeon(R) Platinum 8259CL CPU @ 2.50GHz,Intel(R) Xeon(R) Platinum 8259CL CPU @ 2.50GHz,Intel
r5dn.xlarge,ap-northeast-1,apne1-az2,3,1.0,5.0,3.0,0.406,0.1619,60,r5dn,Memory,r,4.0,32.0,23922.3073,Intel(R) Xeon(R) Platinum 8259CL CPU @ 2.50GHz,Intel(R) Xeon(R) Platinum 8259CL CPU @ 2.50GHz,Intel
r5dn.xlarge,ap-northeast-1,apne1-az4,3,15.0,30.0,3.0,0.406,0.1592,60,r5dn,Memory,r,4.0,32.0,23922.3073,Intel(R) Xeon(R) Platinum 8259CL CPU @ 2.50GHz,Intel(R) Xeon(R) Platinum 8259CL CPU @ 2.50GHz,Intel
r5n.12xlarge,ap-northeast-1,apne1-az1,3,10.0,15.0,3.0,4.344,1.3422,69,r5n,Memory,r,48.0,384.0,25022.027633,Intel(R) Xeon(R) Platinum 8259CL CPU @ 2.50GHz,Intel(R) Xeon(R) Platinum 8259CL CPU @ 2.50GHz,Intel
r5n.12xlarge,ap-northeast-1,apne1-az2,3,1.0,1.0,3.0,4.344,1.5051,65,r5n,Memory,r,48.0,384.0,25022.027633,Intel(R) Xeon(R) Platinum 8259CL CPU @ 2.50GHz,Intel(R) Xeon(R) Platinum 8259CL CPU @ 2.50GHz,Intel
r5n.12xlarge,ap-northeast-1,apne1-az4,3,1.0,1.0,3.0,4.344,1.8423,57,r5n,Memory,r,48.0,384.0,25022.027633,Intel(R) Xeon(R) Platinum 8259CL CPU @ 2.50GHz,Intel(R) Xeon(R) Platinum 8259CL CPU @ 2.50GHz,Intel
r5n.16xlarge,ap-northeast-1,apne1-az1,3,1.0,1.0,3.0,5.792,1.855,67,r5n,Memory,r,64.0,512.0,23177.227494,Intel(R) Xeon(R) Platinum 8259CL CPU @ 2.50GHz,Intel(R) Xeon(R) Platinum 8259CL CPU @ 2.50GHz,Intel
r5n.16xlarge,ap-northeast-1,apne1-az2,3,1.0,1.0,3.0,5.792,1.9376,66,r5n,Memory,r,64.0,512.0,23177.227494,Intel(R) Xeon(R) Platinum 8259CL CPU @ 2.50GHz,Intel(R) Xeon(R) Platinum 8259CL CPU @ 2.50GHz,Intel
r5n.16xlarge,ap-northeast-1,apne1-az4,3,1.0,1.0,3.0,5.792,1.667,71,r5n,Memory,r,64.0,512.0,23177.227494,Intel(R) Xeon(R) Platinum 8259CL CPU @ 2.50GHz,Intel(R) Xeon(R) Platinum 8259CL CPU @ 2.50GHz,Intel
r5n.24xlarge,ap-northeast-1,apne1-az1,3,1.0,1.0,3.0,8.688,2.5089,71,r5n,Memory,r,96.0,768.0,25023.693193000003,Intel(R) Xeon(R) Platinum 8259CL CPU @ 2.50GHz,Intel(R) Xeon(R) Platinum 8259CL CPU @ 2.50GHz,Intel
r5n.24xlarge,ap-northeast-1,apne1-az2,2,0.0,1.0,3.0,8.688,2.733,68,r5n,Memory,r,96.0,768.0,25023.693193000003,Intel(R) Xeon(R) Platinum 8259CL CPU @ 2.50GHz,Intel(R) Xeon(R) Platinum 8259CL CPU @ 2.50GHz,Intel
r5n.24xlarge,ap-northeast-1,apne1-az4,3,1.0,1.0,3.0,8.688,2.9396,66,r5n,Memory,r,96.0,768.0,25023.693193000003,Intel(R) Xeon(R) Platinum 8259CL CPU @ 2.50GHz,Intel(R) Xeon(R) Platinum 8259CL CPU @ 2.50GHz,Intel
r5n.2xlarge,ap-northeast-1,apne1-az1,3,25.0,40.0,3.0,0.724,0.2561,64,r5n,Memory,r,8.0,64.0,23924.942443400003,Intel(R) Xeon(R) Platinum 8259CL CPU @ 2.50GHz,Intel(R) Xeon(R) Platinum 8259CL CPU @ 2.50GHz,Intel
r5n.2xlarge,ap-northeast-1,apne1-az2,3,20.0,35.0,3.0,0.724,0.2506,65,r5n,Memory,r,8.0,64.0,23924.942443400003,Intel(R) Xeon(R) Platinum 8259CL CPU @ 2.50GHz,Intel(R) Xeon(R) Platinum 8259CL CPU @ 2.50GHz,Intel
r5n.2xlarge,ap-northeast-1,apne1-az4,3,15.0,25.0,3.0,0.724,0.2955,59,r5n,Memory,r,8.0,64.0,23924.942443400003,Intel(R) Xeon(R) Platinum 8259CL CPU @ 2.50GHz,Intel(R) Xeon(R) Platinum 8259CL CPU @ 2.50GHz,Intel
r5n.4xlarge,ap-northeast-1,apne1-az1,3,5.0,5.0,3.0,1.448,0.4812,66,r5n,Memory,r,16.0,128.0,23479.3262332,Intel(R) Xeon(R) Platinum 8259CL CPU @ 2.50GHz,Intel(R) Xeon(R) Platinum 8259CL CPU @ 2.50GHz,Intel
r5n.4xlarge,ap-northeast-1,apne1-az2,3,5.0,5.0,3.0,1.448,0.419,71,r5n,Memory,r,16.0,128.0,23479.3262332,Intel(R) Xeon(R) Platinum 8259CL CPU @ 2.50GHz,Intel(R) Xeon(R) Platinum 8259CL CPU @ 2.50GHz,Intel
r5n.4xlarge,ap-northeast-1,apne1-az4,3,10.0,15.0,3.0,1.448,0.5563,61,r5n,Memory,r,16.0,128.0,23479.3262332,Intel(R) Xeon(R) Platinum 8259CL CPU @ 2.50GHz,Intel(R) Xeon(R) Platinum 8259CL CPU @ 2.50GHz,Intel
r5n.8xlarge,ap-northeast-1,apne1-az1,3,10.0,15.0,3.0,2.896,0.9633,66,r5n,Memory,r,32.0,256.0,23150.0173536,Intel(R) Xeon(R) Platinum 8259CL CPU @ 2.50GHz,Intel(R) Xeon(R) Platinum 8259CL CPU @ 2.50GHz,Intel
r5n.8xlarge,ap-northeast-1,apne1-az2,3,1.0,1.0,3.0,2.896,0.9216,68,r5n,Memory,r,32.0,256.0,23150.0173536,Intel(R) Xeon(R) Platinum 8259CL CPU @ 2.50GHz,Intel(R) Xeon(R) Platinum 8259CL CPU @ 2.50GHz,Intel
r5n.8xlarge,ap-northeast-1,apne1-az4,3,1.0,5.0,3.0,2.896,1.1788,59,r5n,Memory,r,32.0,256.0,23150.0173536,Intel(R) Xeon(R) Platinum 8259CL CPU @ 2.50GHz,Intel(R) Xeon(R) Platinum 8259CL CPU @ 2.50GHz,Intel
r5n.large,ap-northeast-1,apne1-az1,3,45.0,50.0,3.0,0.181,0.0514,71,r5n,Memory,r,2.0,16.0,23913.272210199997,Intel(R) Xeon(R) Platinum 8259CL CPU @ 2.50GHz,Intel(R) Xeon(R) Platinum 8259CL CPU @ 2.50GHz,Intel
r5n.large,ap-northeast-1,apne1-az2,3,10.0,15.0,3.0,0.181,0.0643,64,r5n,Memory,r,2.0,16.0,23913.272210199997,Intel(R) Xeon(R) Platinum 8259CL CPU @ 2.50GHz,Intel(R) Xeon(R) Platinum 8259CL CPU @ 2.50GHz,Intel
r5n.large,ap-northeast-1,apne1-az4,3,50.0,50.0,3.0,0.181,0.0565,68,r5n,Memory,r,2.0,16.0,23913.272210199997,Intel(R) Xeon(R) Platinum 8259CL CPU @ 2.50GHz,Intel(R) Xeon(R) Platinum 8259CL CPU @ 2.50GHz,Intel
r5n.xlarge,ap-northeast-1,apne1-az1,3,15.0,25.0,3.0,0.362,0.1411,61,r5n,Memory,r,4.0,32.0,23885.442948,Intel(R) Xeon(R) Platinum 8259CL CPU @ 2.50GHz,Intel(R) Xeon(R) Platinum 8259CL CPU @ 2.50GHz,Intel
r5n.xlarge,ap-northeast-1,apne1-az2,3,1.0,1.0,3.0,0.362,0.1789,50,r5n,Memory,r,4.0,32.0,23885.442948,Intel(R) Xeon(R) Platinum 8259CL CPU @ 2.50GHz,Intel(R) Xeon(R) Platinum 8259CL CPU @ 2.50GHz,Intel
r5n.xlarge,ap-northeast-1,apne1-az4,3,15.0,25.0,3.0,0.362,0.1539,57,r5n,Memory,r,4.0,32.0,23885.442948,Intel(R) Xeon(R) Platinum 8259CL CPU @ 2.50GHz,Intel(R) Xeon(R) Platinum 8259CL CPU @ 2.50GHz,Intel
r6a.12xlarge,ap-northeast-1,apne1-az1,2,0.0,1.0,1.5,3.2832,1.0879,66,r6a,Memory,r,48.0,384.0,34513.723203199996,AMD EPYC 7R13 Processor,AMD EPYC 7R13 Processor,AuthenticAMD
r6a.12xlarge,ap-northeast-1,apne1-az2,1,0.0,0.0,1.5,3.2832,1.0736,67,r6a,Memory,r,48.0,384.0,34513.723203199996,AMD EPYC 7R13 Processor,AMD EPYC 7R13 Processor,AuthenticAMD
r6a.12xlarge,ap-northeast-1,apne1-az4,3,1.0,1.0,1.5,3.2832,1.0577,67,r6a,Memory,r,48.0,384.0,34513.723203199996,AMD EPYC 7R13 Processor,AMD EPYC 7R13 Processor,AuthenticAMD
r6a.16xlarge,ap-northeast-1,apne1-az1,3,1.0,1.0,2.5,4.3776,1.3039,70,r6a,Memory,r,64.0,512.0,34425.4726516,AMD EPYC 7R13 Processor,AMD EPYC 7R13 Processor,AuthenticAMD
r6a.16xlarge,ap-northeast-1,apne1-az2,1,0.0,0.0,2.5,4.3776,1.3815,68,r6a,Memory,r,64.0,512.0,34425.4726516,AMD EPYC 7R13 Processor,AMD EPYC 7R13 Processor,AuthenticAMD
r6a.16xlarge,ap-northeast-1,apne1-az4,3,1.0,1.0,2.5,4.3776,1.2524,71,r6a,Memory,r,64.0,512.0,34425.4726516,AMD EPYC 7R13 Processor,AMD EPYC 7R13 Processor,AuthenticAMD
r6a.24xlarge,ap-northeast-1,apne1-az1,2,0.0,1.0,1.0,6.5664,2.0492,68,r6a,Memory,r,96.0,768.0,32987.9077922,AMD EPYC 7R13 Processor,AMD EPYC 7R13 Processor,AuthenticAMD
r6a.24xlarge,ap-northeast-1,apne1-az2,1,0.0,0.0,1.0,6.5664,2.0444,68,r6a,Memory,r,96.0,768.0,32987.9077922,AMD EPYC 7R13 Processor,AMD EPYC 7R13 Processor,AuthenticAMD
r6a.24xlarge,ap-northeast-1,apne1-az4,2,0.0,1.0,1.0,6.5664,2.1799,66,r6a,Memory,r,96.0,768.0,32987.9077922,AMD EPYC 7R13 Processor,AMD EPYC 7R13 Processor,AuthenticAMD
r6a.2xlarge,ap-northeast-1,apne1-az1,3,35.0,50.0,1.0,0.5472,0.1862,65,r6a,Memory,r,8.0,64.0,33369.403579,AMD EPYC 7R13 Processor,AMD EPYC 7R13 Processor,AuthenticAMD
r6a.2xlarge,ap-northeast-1,apne1-az2,3,10.0,10.0,1.0,0.5472,0.1746,68,r6a,Memory,r,8.0,64.0,33369.403579,AMD EPYC 7R13 Processor,AMD EPYC 7R13 Processor,AuthenticAMD
r6a.2xlarge,ap-northeast-1,apne1-az4,3,40.0,50.0,1.0,0.5472,0.2193,59,r6a,Memory,r,8.0,64.0,33369.403579,AMD EPYC 7R13 Processor,AMD EPYC 7R13 Processor,AuthenticAMD
r6a.32xlarge,ap-northeast-1,apne1-az1,2,0.0,1.0,1.5,8.7552,2.647,69,r6a,Memory,r,128.0,1024.0,34452.409133199995,AMD EPYC 7R13 Processor,AMD EPYC 7R13 Processor,AuthenticAMD
r6a.32xlarge,ap-northeast-1,apne1-az2,1,0.0,0.0,1.5,8.7552,2.7907,68,r6a,Memory,r,128.0,1024.0,34452.409133199995,AMD EPYC 7R13 Processor,AMD EPYC 7R13 Processor,AuthenticAMD
r6a.32xlarge,ap-northeast-1,apne1-az4,1,0.0,0.0,1.5,8.7552,2.6804,69,r6a,Memory,r,128.0,1024.0,34452.409133199995,AMD EPYC 7R13 Processor,AMD EPYC 7R13 Processor,AuthenticAMD
r6a.48xlarge,ap-northeast-1,apne1-az1,1,0.0,0.0,1.0,13.1328,4.0209,69,r6a,Memory,r,192.0,1536.0,33346.92279299999,AMD EPYC 7R13 Processor,AMD EPYC 7R13 Processor,AuthenticAMD
r6a.48xlarge,ap-northeast-1,apne1-az2,1,0.0,0.0,1.0,13.1328,3.8973,70,r6a,Memory,r,192.0,1536.0,33346.92279299999,AMD EPYC 7R13 Processor,AMD EPYC 7R13 Processor,AuthenticAMD
r6a.48xlarge,ap-northeast-1,apne1-az4,1,0.0,0.0,1.0,13.1328,3.9956,69,r6a,Memory,r,192.0,1536.0,33346.92279299999,AMD EPYC 7R13 Processor,AMD EPYC 7R13 Processor,AuthenticAMD
r6a.4xlarge,ap-northeast-1,apne1-az1,3,5.0,10.0,1.5,1.0944,0.347,68,r6a,Memory,r,16.0,128.0,32801.894509599995,AMD EPYC 7R13 Processor,AMD EPYC 7R13 Processor,AuthenticAMD
r6a.4xlarge,ap-northeast-1,apne1-az2,3,20.0,35.0,1.5,1.0944,0.3528,67,r6a,Memory,r,16.0,128.0,32801.894509599995,AMD EPYC 7R13 Processor,AMD EPYC 7R13 Processor,AuthenticAMD
r6a.4xlarge,ap-northeast-1,apne1-az4,3,15.0,25.0,1.5,1.0944,0.4007,63,r6a,Memory,r,16.0,128.0,32801.894509599995,AMD EPYC 7R13 Processor,AMD EPYC 7R13 Processor,AuthenticAMD
r6a.8xlarge,ap-northeast-1,apne1-az1,3,1.0,5.0,2.0,2.1888,0.7934,63,r6a,Memory,r,32.0,256.0,33314.439718,AMD EPYC 7R13 Processor,AMD EPYC 7R13 Processor,AuthenticAMD
r6a.8xlarge,ap-northeast-1,apne1-az2,2,0.0,1.0,2.0,2.1888,0.6766,69,r6a,Memory,r,32.0,256.0,33314.439718,AMD EPYC 7R13 Processor,AMD EPYC 7R13 Processor,AuthenticAMD
r6a.8xlarge,ap-northeast-1,apne1-az4,3,5.0,10.0,2.0,2.1888,0.7421,66,r6a,Memory,r,32.0,256.0,33314.439718,AMD EPYC 7R13 Processor,AMD EPYC 7R13 Processor,AuthenticAMD
r6a.large,ap-northeast-1,apne1-az1,3,50.0,50.0,2.0,0.1368,0.0674,50,r6a,Memory,r,2.0,16.0,33359.37735720001,AMD EPYC 7R13 Processor,AMD EPYC 7R13 Processor,AuthenticAMD
r6a.large,ap-northeast-1,apne1-az2,3,50.0,50.0,2.0,0.1368,0.05,63,r6a,Memory,r,2.0,16.0,33359.37735720001,AMD EPYC 7R13 Processor,AMD EPYC 7R13 Processor,AuthenticAMD
r6a.large,ap-northeast-1,apne1-az4,3,50.0,50.0,2.0,0.1368,0.0564,58,r6a,Memory,r,2.0,16.0,33359.37735720001,AMD EPYC 7R13 Processor,AMD EPYC 7R13 Processor,AuthenticAMD
r6a.xlarge,ap-northeast-1,apne1-az1,3,25.0,45.0,1.0,0.2736,0.1,63,r6a,Memory,r,4.0,32.0,33331.1447322,AMD EPYC 7R13 Processor,AMD EPYC 7R13 Processor,AuthenticAMD
r6a.xlarge,ap-northeast-1,apne1-az2,3,40.0,50.0,1.0,0.2736,0.0861,68,r6a,Memory,r,4.0,32.0,33331.1447322,AMD EPYC 7R13 Processor,AMD EPYC 7R13 Processor,AuthenticAMD
r6a.xlarge,ap-northeast-1,apne1-az4,3,45.0,50.0,1.0,0.2736,0.0857,68,r6a,Memory,r,4.0,32.0,33331.1447322,AMD EPYC 7R13 Processor,AMD EPYC 7R13 Processor,AuthenticAMD
r6g.12xlarge,ap-northeast-1,apne1-az1,3,25.0,40.0,1.5,2.9184,1.0219,64,r6g,Memory,r,48.0,384.0,19342.1370646,AWS Graviton2 Processor,Neoverse-N1,AWS
r6g.12xlarge,ap-northeast-1,apne1-az2,3,10.0,15.0,1.5,2.9184,0.899,69,r6g,Memory,r,48.0,384.0,19342.1370646,AWS Graviton2 Processor,Neoverse-N1,AWS
r6g.12xlarge,ap-northeast-1,apne1-az4,3,50.0,50.0,1.5,2.9184,0.8733,70,r6g,Memory,r,48.0,384.0,19342.1370646,AWS Graviton2 Processor,Neoverse-N1,AWS
r6g.16xlarge,ap-northeast-1,apne1-az1,3,50.0,50.0,2.0,3.8912,1.2948,66,r6g,Memory,r,64.0,512.0,19339.070679400003,AWS Graviton2 Processor,Neoverse-N1,AWS
r6g.16xlarge,ap-northeast-1,apne1-az2,3,20.0,30.0,2.0,3.8912,1.2062,69,r6g,Memory,r,64.0,512.0,19339.070679400003,AWS Graviton2 Processor,Neoverse-N1,AWS
r6g.16xlarge,ap-northeast-1,apne1-az4,3,50.0,50.0,2.0,3.8912,1.1229,71,r6g,Memory,r,64.0,512.0,19339.070679400003,AWS Graviton2 Processor,Neoverse-N1,AWS
r6g.2xlarge,ap-northeast-1,apne1-az1,3,50.0,50.0,2.5,0.4864,0.1791,63,r6g,Memory,r,8.0,64.0,19342.061158,AWS Graviton2 Processor,Neoverse-N1,AWS
r6g.2xlarge,ap-northeast-1,apne1-az2,3,40.0,50.0,2.5,0.4864,0.1557,67,r6g,Memory,r,8.0,64.0,19342.061158,AWS Graviton2 Processor,Neoverse-N1,AWS
r6g.2xlarge,ap-northeast-1,apne1-az4,3,50.0,50.0,2.5,0.4864,0.1513,68,r6g,Memory,r,8.0,64.0,19342.061158,AWS Graviton2 Processor,Neoverse-N1,AWS
r6g.4xlarge,ap-northeast-1,apne1-az1,3,25.0,40.0,2.0,0.9728,0.3378,65,r6g,Memory,r,16.0,128.0,19333.535245,AWS Graviton2 Processor,Neoverse-N1,AWS
r6g.4xlarge,ap-northeast-1,apne1-az2,3,25.0,35.0,2.0,0.9728,0.2995,69,r6g,Memory,r,16.0,128.0,19333.535245,AWS Graviton2 Processor,Neoverse-N1,AWS
r6g.4xlarge,ap-northeast-1,apne1-az4,3,25.0,35.0,2.0,0.9728,0.4026,58,r6g,Memory,r,16.0,128.0,19333.535245,AWS Graviton2 Processor,Neoverse-N1,AWS
r6g.8xlarge,ap-northeast-1,apne1-az1,3,25.0,35.0,1.5,1.9456,0.6839,64,r6g,Memory,r,32.0,256.0,19333.7593208,AWS Graviton2 Processor,Neoverse-N1,AWS
r6g.8xlarge,ap-northeast-1,apne1-az2,3,5.0,10.0,1.5,1.9456,0.7856,59,r6g,Memory,r,32.0,256.0,19333.7593208,AWS Graviton2 Processor,Neoverse-N1,AWS
r6g.8xlarge,ap-northeast-1,apne1-az4,3,50.0,50.0,1.5,1.9456,0.5451,71,r6g,Memory,r,32.0,256.0,19333.7593208,AWS Graviton2 Processor,Neoverse-N1,AWS
r6g.large,ap-northeast-1,apne1-az1,3,50.0,50.0,3.0,0.1216,0.039,67,r6g,Memory,r,2.0,16.0,19335.8529184,AWS Graviton2 Processor,Neoverse-N1,AWS
r6g.large,ap-northeast-1,apne1-az2,3,50.0,50.0,3.0,0.1216,0.0415,65,r6g,Memory,r,2.0,16.0,19335.8529184,AWS Graviton2 Processor,Neoverse-N1,AWS
r6g.large,ap-northeast-1,apne1-az4,3,50.0,50.0,3.0,0.1216,0.0364,70,r6g,Memory,r,2.0,16.0,19335.8529184,AWS Graviton2 Processor,Neoverse-N1,AWS
r6g.medium,ap-northeast-1,apne1-az1,3,50.0,50.0,2.5,0.0608,0.0183,69,r6g,Memory,r,1.0,8.0,19335.10555,AWS Graviton2 Processor,Neoverse-N1,AWS
r6g.medium,ap-northeast-1,apne1-az2,3,20.0,35.0,2.5,0.0608,0.0186,69,r6g,Memory,r,1.0,8.0,19335.10555,AWS Graviton2 Processor,Neoverse-N1,AWS
r6g.medium,ap-northeast-1,apne1-az4,3,50.0,50.0,2.5,0.0608,0.0203,66,r6g,Memory,r,1.0,8.0,19335.10555,AWS Graviton2 Processor,Neoverse-N1,AWS
r6g.xlarge,ap-northeast-1,apne1-az1,3,50.0,50.0,3.0,0.2432,0.0825,66,r6g,Memory,r,4.0,32.0,19340.191838600003,AWS Graviton2 Processor,Neoverse-N1,AWS
r6g.xlarge,ap-northeast-1,apne1-az2,3,50.0,50.0,3.0,0.2432,0.0798,67,r6g,Memory,r,4.0,32.0,19340.191838600003,AWS Graviton2 Processor,Neoverse-N1,AWS
r6g.xlarge,ap-northeast-1,apne1-az4,3,50.0,50.0,3.0,0.2432,0.0888,63,r6g,Memory,r,4.0,32.0,19340.191838600003,AWS Graviton2 Processor,Neoverse-N1,AWS
r6gd.12xlarge,ap-northeast-1,apne1-az1,3,35.0,45.0,1.0,3.336,1.0111,69,r6gd,Memory,r,48.0,384.0,19340.4905,AWS Graviton2 Processor,Neoverse-N1,AWS
r6gd.12xlarge,ap-northeast-1,apne1-az2,3,10.0,20.0,1.0,3.336,1.1253,66,r6gd,Memory,r,48.0,384.0,19340.4905,AWS Graviton2 Processor,Neoverse-N1,AWS
r6gd.12xlarge,ap-northeast-1,apne1-az4,3,10.0,15.0,1.0,3.336,0.9814,70,r6gd,Memory,r,48.0,384.0,19340.4905,AWS Graviton2 Processor,Neoverse-N1,AWS
r6gd.16xlarge,ap-northeast-1,apne1-az1,3,5.0,10.0,1.5,4.448,1.2805,71,r6gd,Memory,r,64.0,512.0,19337.2003,AWS Graviton2 Processor,Neoverse-N1,AWS
r6gd.16xlarge,ap-northeast-1,apne1-az2,3,15.0,25.0,1.5,4.448,1.3977,68,r6gd,Memory,r,64.0,512.0,19337.2003,AWS Graviton2 Processor,Neoverse-N1,AWS
r6gd.16xlarge,ap-northeast-1,apne1-az4,3,10.0,10.0,1.5,4.448,1.4322,67,r6gd,Memory,r,64.0,512.0,19337.2003,AWS Graviton2 Processor,Neoverse-N1,AWS
r6gd.2xlarge,ap-northeast-1,apne1-az1,3,10.0,15.0,2.5,0.556,0.1748,68,r6gd,Memory,r,8.0,64.0,19337.049,AWS Graviton2 Processor,Neoverse-N1,AWS
r6gd.2xlarge,ap-northeast-1,apne1-az2,3,5.0,10.0,2.5,0.556,0.1651,70,r6gd,Memory,r,8.0,64.0,19337.049,AWS Graviton2 Processor,Neoverse-N1,AWS
r6gd.2xlarge,ap-northeast-1,apne1-az4,3,10.0,20.0,2.5,0.556,0.2069,62,r6gd,Memory,r,8.0,64.0,19337.049,AWS Graviton2 Processor,Neoverse-N1,AWS
r6gd.4xlarge,ap-northeast-1,apne1-az1,3,10.0,20.0,2.0,1.112,0.357,67,r6gd,Memory,r,16.0,128.0,19333.6092,AWS Graviton2 Processor,Neoverse-N1,AWS
r6gd.4xlarge,ap-northeast-1,apne1-az2,3,10.0,15.0,2.0,1.112,0.3343,69,r6gd,Memory,r,16.0,128.0,19333.6092,AWS Graviton2 Processor,Neoverse-N1,AWS
r6gd.4xlarge,ap-northeast-1,apne1-az4,3,10.0,15.0,2.0,1.112,0.3609,67,r6gd,Memory,r,16.0,128.0,19333.6092,AWS Graviton2 Processor,Neoverse-N1,AWS
r6gd.8xlarge,ap-northeast-1,apne1-az1,3,25.0,30.0,1.5,2.224,0.7008,68,r6gd,Memory,r,32.0,256.0,19337.0509,AWS Graviton2 Processor,Neoverse-N1,AWS
r6gd.8xlarge,ap-northeast-1,apne1-az2,3,25.0,35.0,1.5,2.224,0.6938,68,r6gd,Memory,r,32.0,256.0,19337.0509,AWS Graviton2 Processor,Neoverse-N1,AWS
r6gd.8xlarge,ap-northeast-1,apne1-az4,3,15.0,25.0,1.5,2.224,0.6809,69,r6gd,Memory,r,32.0,256.0,19337.0509,AWS Graviton2 Processor,Neoverse-N1,AWS
r6gd.large,ap-northeast-1,apne1-az1,3,5.0,10.0,2.5,0.139,0.0413,70,r6gd,Memory,r,2.0,16.0,19337.4989,AWS Graviton2 Processor,Neoverse-N1,AWS
r6gd.large,ap-northeast-1,apne1-az2,3,5.0,10.0,2.5,0.139,0.0459,66,r6gd,Memory,r,2.0,16.0,19337.4989,AWS Graviton2 Processor,Neoverse-N1,AWS
r6gd.large,ap-northeast-1,apne1-az4,3,5.0,5.0,2.5,0.139,0.0431,68,r6gd,Memory,r,2.0,16.0,19337.4989,AWS Graviton2 Processor,Neoverse-N1,AWS
r6gd.medium,ap-northeast-1,apne1-az1,3,10.0,20.0,2.5,0.0695,0.0217,68,r6gd,Memory,r,1.0,8.0,19334.5075,AWS Graviton2 Processor,Neoverse-N1,AWS
r6gd.medium,ap-northeast-1,apne1-az2,3,15.0,20.0,2.5,0.0695,0.0209,69,r6gd,Memory,r,1.0,8.0,19334.5075,AWS Graviton2 Processor,Neoverse-N1,AWS
r6gd.medium,ap-northeast-1,apne1-az4,3,5.0,5.0,2.5,0.0695,0.0239,65,r6gd,Memory,r,1.0,8.0,19334.5075,AWS Graviton2 Processor,Neoverse-N1,AWS
r6gd.xlarge,ap-northeast-1,apne1-az1,3,20.0,30.0,3.0,0.278,0.0919,66,r6gd,Memory,r,4.0,32.0,19341.0886,AWS Graviton2 Processor,Neoverse-N1,AWS
r6gd.xlarge,ap-northeast-1,apne1-az2,3,5.0,10.0,3.0,0.278,0.0863,68,r6gd,Memory,r,4.0,32.0,19341.0886,AWS Graviton2 Processor,Neoverse-N1,AWS
r6gd.xlarge,ap-northeast-1,apne1-az4,3,5.0,10.0,3.0,0.278,0.1278,54,r6gd,Memory,r,4.0,32.0,19341.0886,AWS Graviton2 Processor,Neoverse-N1,AWS
r6i.12xlarge,ap-northeast-1,apne1-az1,3,1.0,1.0,2.0,3.648,1.1274,69,r6i,Memory,r,48.0,384.0,28960.7544498,Intel(R) Xeon(R) Platinum 8375C CPU @ 2.90GHz,Intel(R) Xeon(R) Platinum 8375C CPU @ 2.90GHz,Intel
r6i.12xlarge,ap-northeast-1,apne1-az2,3,1.0,5.0,2.0,3.648,1.1764,67,r6i,Memory,r,48.0,384.0,28960.7544498,Intel(R) Xeon(R) Platinum 8375C CPU @ 2.90GHz,Intel(R) Xeon(R) Platinum 8375C CPU @ 2.90GHz,Intel
r6i.12xlarge,ap-northeast-1,apne1-az4,3,5.0,5.0,2.0,3.648,1.0823,70,r6i,Memory,r,48.0,384.0,28960.7544498,Intel(R) Xeon(R) Platinum 8375C CPU @ 2.90GHz,Intel(R) Xeon(R) Platinum 8375C CPU @ 2.90GHz,Intel
r6i.16xlarge,ap-northeast-1,apne1-az1,3,1.0,1.0,2.5,4.864,1.3732,71,r6i,Memory,r,64.0,512.0,29000.555173,Intel(R) Xeon(R) Platinum 8375C CPU @ 2.90GHz,Intel(R) Xeon(R) Platinum 8375C CPU @ 2.90GHz,Intel
r6i.16xlarge,ap-northeast-1,apne1-az2,3,1.0,5.0,2.5,4.864,1.3922,71,r6i,Memory,r,64.0,512.0,29000.555173,Intel(R) Xeon(R) Platinum 8375C CPU @ 2.90GHz,Intel(R) Xeon(R) Platinum 8375C CPU @ 2.90GHz,Intel
r6i.16xlarge,ap-northeast-1,apne1-az4,3,15.0,25.0,2.5,4.864,1.4862,69,r6i,Memory,r,64.0,512.0,29000.555173,Intel(R) Xeon(R) Platinum 8375C CPU @ 2.90GHz,Intel(R) Xeon(R) Platinum 8375C CPU @ 2.90GHz,Intel
r6i.24xlarge,ap-northeast-1,apne1-az1,3,1.0,1.0,2.0,7.296,2.3999,67,r6i,Memory,r,96.0,768.0,28989.500661799997,Intel(R) Xeon(R) Platinum 8375C CPU @ 2.90GHz,Intel(R) Xeon(R) Platinum 8375C CPU @ 2.90GHz,Intel
r6i.24xlarge,ap-northeast-1,apne1-az2,3,1.0,1.0,2.0,7.296,2.2169,69,r6i,Memory,r,96.0,768.0,28989.500661799997,Intel(R) Xeon(R) Platinum 8375C CPU @ 2.90GHz,Intel(R) Xeon(R) Platinum 8375C CPU @ 2.90GHz,Intel
r6i.24xlarge,ap-northeast-1,apne1-az4,3,1.0,1.0,2.0,7.296,2.2824,68,r6i,Memory,r,96.0,768.0,28989.500661799997,Intel(R) Xeon(R) Platinum 8375C CPU @ 2.90GHz,Intel(R) Xeon(R) Platinum 8375C CPU @ 2.90GHz,Intel
r6i.2xlarge,ap-northeast-1,apne1-az1,3,20.0,30.0,1.5,0.608,0.203,66,r6i,Memory,r,8.0,64.0,29005.1851824,Intel(R) Xeon(R) Platinum 8375C CPU @ 2.90GHz,Intel(R) Xeon(R) Platinum 8375C CPU @ 2.90GHz,Intel
r6i.2xlarge,ap-northeast-1,apne1-az2,3,10.0,15.0,1.5,0.608,0.2034,66,r6i,Memory,r,8.0,64.0,29005.1851824,Intel(R) Xeon(R) Platinum 8375C CPU @ 2.90GHz,Intel(R) Xeon(R) Platinum 8375C CPU @ 2.90GHz,Intel
r6i.2xlarge,ap-northeast-1,apne1-az4,3,50.0,50.0,1.5,0.608,0.1875,69,r6i,Memory,r,8.0,64.0,29005.1851824,Intel(R) Xeon(R) Platinum 8375C CPU @ 2.90GHz,Intel(R) Xeon(R) Platinum 8375C CPU @ 2.90GHz,Intel
r6i.32xlarge,ap-northeast-1,apne1-az1,3,1.0,1.0,2.5,9.728,2.6446,72,r6i,Memory,r,128.0,1024.0,28993.6617708,Intel(R) Xeon(R) Platinum 8375C CPU @ 2.90GHz,Intel(R) Xeon(R) Platinum 8375C CPU @ 2.90GHz,Intel
r6i.32xlarge,ap-northeast-1,apne1-az2,2,0.0,1.0,2.5,9.728,2.8187,71,r6i,Memory,r,128.0,1024.0,28993.6617708,Intel(R) Xeon(R) Platinum 8375C CPU @ 2.90GHz,Intel(R) Xeon(R) Platinum 8375C CPU @ 2.90GHz,Intel
r6i.32xlarge,ap-northeast-1,apne1-az4,3,1.0,1.0,2.5,9.728,2.9075,70,r6i,Memory,r,128.0,1024.0,28993.6617708,Intel(R) Xeon(R) Platinum 8375C CPU @ 2.90GHz,Intel(R) Xeon(R) Platinum 8375C CPU @ 2.90GHz,Intel
r6i.4xlarge,ap-northeast-1,apne1-az1,3,10.0,15.0,1.0,1.216,0.4073,66,r6i,Memory,r,16.0,128.0,28946.0133376,Intel(R) Xeon(R) Platinum 8375C CPU @ 2.90GHz,Intel(R) Xeon(R) Platinum 8375C CPU @ 2.90GHz,Intel
r6i.4xlarge,ap-northeast-1,apne1-az2,3,10.0,20.0,1.0,1.216,0.3744,69,r6i,Memory,r,16.0,128.0,28946.0133376,Intel(R) Xeon(R) Platinum 8375C CPU @ 2.90GHz,Intel(R) Xeon(R) Platinum 8375C CPU @ 2.90GHz,Intel
r6i.4xlarge,ap-northeast-1,apne1-az4,3,20.0,30.0,1.0,1.216,0.5366,55,r6i,Memory,r,16.0,128.0,28946.0133376,Intel(R) Xeon(R) Platinum 8375C CPU @ 2.90GHz,Intel(R) Xeon(R) Platinum 8375C CPU @ 2.90GHz,Intel
r6i.8xlarge,ap-northeast-1,apne1-az1,3,15.0,25.0,1.0,2.432,0.7662,68,r6i,Memory,r,32.0,256.0,29027.5774204,Intel(R) Xeon(R) Platinum 8375C CPU @ 2.90GHz,Intel(R) Xeon(R) Platinum 8375C CPU @ 2.90GHz,Intel
r6i.8xlarge,ap-northeast-1,apne1-az2,3,10.0,20.0,1.0,2.432,0.7401,69,r6i,Memory,r,32.0,256.0,29027.5774204,Intel(R) Xeon(R) Platinum 8375C CPU @ 2.90GHz,Intel(R) Xeon(R) Platinum 8375C CPU @ 2.90GHz,Intel
r6i.8xlarge,ap-northeast-1,apne1-az4,3,20.0,35.0,1.0,2.432,0.747,69,r6i,Memory,r,32.0,256.0,29027.5774204,Intel(R) Xeon(R) Platinum 8375C CPU @ 2.90GHz,Intel(R) Xeon(R) Platinum 8375C CPU @ 2.90GHz,Intel
r6i.large,ap-northeast-1,apne1-az1,3,50.0,50.0,1.0,0.152,0.0469,69,r6i,Memory,r,2.0,16.0,28978.137696800004,Intel(R) Xeon(R) Platinum 8375C CPU @ 2.90GHz,Intel(R) Xeon(R) Platinum 8375C CPU @ 2.90GHz,Intel
r6i.large,ap-northeast-1,apne1-az2,3,50.0,50.0,1.0,0.152,0.0494,67,r6i,Memory,r,2.0,16.0,28978.137696800004,Intel(R) Xeon(R) Platinum 8375C CPU @ 2.90GHz,Intel(R) Xeon(R) Platinum 8375C CPU @ 2.90GHz,Intel
r6i.large,ap-northeast-1,apne1-az4,3,50.0,50.0,1.0,0.152,0.047,69,r6i,Memory,r,2.0,16.0,28978.137696800004,Intel(R) Xeon(R) Platinum 8375C CPU @ 2.90GHz,Intel(R) Xeon(R) Platinum 8375C CPU @ 2.90GHz,Intel
r6i.xlarge,ap-northeast-1,apne1-az1,3,40.0,50.0,1.0,0.304,0.1018,66,r6i,Memory,r,4.0,32.0,28951.9039336,Intel(R) Xeon(R) Platinum 8375C CPU @ 2.90GHz,Intel(R) Xeon(R) Platinum 8375C CPU @ 2.90GHz,Intel
r6i.xlarge,ap-northeast-1,apne1-az2,3,35.0,50.0,1.0,0.304,0.1063,65,r6i,Memory,r,4.0,32.0,28951.9039336,Intel(R) Xeon(R) Platinum 8375C CPU @ 2.90GHz,Intel(R) Xeon(R) Platinum 8375C CPU @ 2.90GHz,Intel
r6i.xlarge,ap-northeast-1,apne1-az4,3,50.0,50.0,1.0,0.304,0.104,65,r6i,Memory,r,4.0,32.0,28951.9039336,Intel(R) Xeon(R) Platinum 8375C CPU @ 2.90GHz,Intel(R) Xeon(R) Platinum 8375C CPU @ 2.90GHz,Intel
r6id.12xlarge,ap-northeast-1,apne1-az1,3,1.0,1.0,2.0,4.3848,1.2707,71,r6id,Memory,r,48.0,384.0,28918.4386,Intel(R) Xeon(R) Platinum 8375C CPU @ 2.90GHz,Intel(R) Xeon(R) Platinum 8375C CPU @ 2.90GHz,Intel
r6id.12xlarge,ap-northeast-1,apne1-az2,3,1.0,1.0,2.0,4.3848,1.3156,69,r6id,Memory,r,48.0,384.0,28918.4386,Intel(R) Xeon(R) Platinum 8375C CPU @ 2.90GHz,Intel(R) Xeon(R) Platinum 8375C CPU @ 2.90GHz,Intel
r6id.12xlarge,ap-northeast-1,apne1-az4,3,1.0,5.0,2.0,4.3848,1.3163,69,r6id,Memory,r,48.0,384.0,28918.4386,Intel(R) Xeon(R) Platinum 8375C CPU @ 2.90GHz,Intel(R) Xeon(R) Platinum 8375C CPU @ 2.90GHz,Intel
r6id.16xlarge,ap-northeast-1,apne1-az1,3,1.0,1.0,2.5,5.8464,1.7518,70,r6id,Memory,r,64.0,512.0,29006.2364,Intel(R) Xeon(R) Platinum 8375C CPU @ 2.90GHz,Intel(R) Xeon(R) Platinum 8375C CPU @ 2.90GHz,Intel
r6id.16xlarge,ap-northeast-1,apne1-az2,3,1.0,5.0,2.5,5.8464,1.8376,68,r6id,Memory,r,64.0,512.0,29006.2364,Intel(R) Xeon(R) Platinum 8375C CPU @ 2.90GHz,Intel(R) Xeon(R) Platinum 8375C CPU @ 2.90GHz,Intel
r6id.16xlarge,ap-northeast-1,apne1-az4,3,10.0,15.0,2.5,5.8464,1.9739,66,r6id,Memory,r,64.0,512.0,29006.2364,Intel(R) Xeon(R) Platinum 8375C CPU @ 2.90GHz,Intel(R) Xeon(R) Platinum 8375C CPU @ 2.90GHz,Intel
r6id.24xlarge,ap-northeast-1,apne1-az1,3,1.0,1.0,2.0,8.7696,2.5689,70,r6id,Memory,r,96.0,768.0,29012.6147,Intel(R) Xeon(R) Platinum 8375C CPU @ 2.90GHz,Intel(R) Xeon(R) Platinum 8375C CPU @ 2.90GHz,Intel
r6id.24xlarge,ap-northeast-1,apne1-az2,3,1.0,1.0,2.0,8.7696,2.6783,69,r6id,Memory,r,96.0,768.0,29012.6147,Intel(R) Xeon(R) Platinum 8375C CPU @ 2.90GHz,Intel(R) Xeon(R) Platinum 8375C CPU @ 2.90GHz,Intel
r6id.24xlarge,ap-northeast-1,apne1-az4,3,1.0,1.0,2.0,8.7696,2.7466,68,r6id,Memory,r,96.0,768.0,29012.6147,Intel(R) Xeon(R) Platinum 8375C CPU @ 2.90GHz,Intel(R) Xeon(R) Platinum 8375C CPU @ 2.90GHz,Intel
r6id.2xlarge,ap-northeast-1,apne1-az1,3,1.0,5.0,1.0,0.7308,0.2162,70,r6id,Memory,r,8.0,64.0,28977.79,Intel(R) Xeon(R) Platinum 8375C CPU @ 2.90GHz,Intel(R) Xeon(R) Platinum 8375C CPU @ 2.90GHz,Intel
r6id.2xlarge,ap-northeast-1,apne1-az2,3,1.0,1.0,1.0,0.7308,0.2358,67,r6id,Memory,r,8.0,64.0,28977.79,Intel(R) Xeon(R) Platinum 8375C CPU @ 2.90GHz,Intel(R) Xeon(R) Platinum 8375C CPU @ 2.90GHz,Intel
r6id.2xlarge,ap-northeast-1,apne1-az4,3,5.0,5.0,1.0,0.7308,0.2408,67,r6id,Memory,r,8.0,64.0,28977.79,Intel(R) Xeon(R) Platinum 8375C CPU @ 2.90GHz,Intel(R) Xeon(R) Platinum 8375C CPU @ 2.90GHz,Intel
r6id.32xlarge,ap-northeast-1,apne1-az1,3,1.0,1.0,1.5,11.6928,3.1794,72,r6id,Memory,r,128.0,1024.0,29031.959,Intel(R) Xeon(R) Platinum 8375C CPU @ 2.90GHz,Intel(R) Xeon(R) Platinum 8375C CPU @ 2.90GHz,Intel
r6id.32xlarge,ap-northeast-1,apne1-az2,3,5.0,5.0,1.5,11.6928,3.5169,69,r6id,Memory,r,128.0,1024.0,29031.959,Intel(R) Xeon(R) Platinum 8375C CPU @ 2.90GHz,Intel(R) Xeon(R) Platinum 8375C CPU @ 2.90GHz,Intel
r6id.32xlarge,ap-northeast-1,apne1-az4,3,1.0,5.0,1.5,11.6928,3.4342,70,r6id,Memory,r,128.0,1024.0,29031.959,Intel(R) Xeon(R) Platinum 8375C CPU @ 2.90GHz,Intel(R) Xeon(R) Platinum 8375C CPU @ 2.90GHz,Intel
r6id.4xlarge,ap-northeast-1,apne1-az1,3,15.0,25.0,2.0,1.4616,0.4521,69,r6id,Memory,r,16.0,128.0,28943.7916,Intel(R) Xeon(R) Platinum 8375C CPU @ 2.90GHz,Intel(R) Xeon(R) Platinum 8375C CPU @ 2.90GHz,Intel
r6id.4xlarge,ap-northeast-1,apne1-az2,3,15.0,25.0,2.0,1.4616,0.4228,71,r6id,Memory,r,16.0,128.0,28943.7916,Intel(R) Xeon(R) Platinum 8375C CPU @ 2.90GHz,Intel(R) Xeon(R) Platinum 8375C CPU @ 2.90GHz,Intel
r6id.4xlarge,ap-northeast-1,apne1-az4,3,35.0,50.0,2.0,1.4616,0.5517,62,r6id,Memory,r,16.0,128.0,28943.7916,Intel(R) Xeon(R) Platinum 8375C CPU @ 2.90GHz,Intel(R) Xeon(R) Platinum 8375C CPU @ 2.90GHz,Intel
r6id.8xlarge,ap-northeast-1,apne1-az1,3,1.0,1.0,1.0,2.9232,0.8605,70,r6id,Memory,r,32.0,256.0,29005.6967,Intel(R) Xeon(R) Platinum 8375C CPU @ 2.90GHz,Intel(R) Xeon(R) Platinum 8375C CPU @ 2.90GHz,Intel
r6id.8xlarge,ap-northeast-1,apne1-az2,3,1.0,1.0,1.0,2.9232,0.9225,68,r6id,Memory,r,32.0,256.0,29005.6967,Intel(R) Xeon(R) Platinum 8375C CPU @ 2.90GHz,Intel(R) Xeon(R) Platinum 8375C CPU @ 2.90GHz,Intel
r6id.8xlarge,ap-northeast-1,apne1-az4,3,1.0,5.0,1.0,2.9232,0.9431,67,r6id,Memory,r,32.0,256.0,29005.6967,Intel(R) Xeon(R) Platinum 8375C CPU @ 2.90GHz,Intel(R) Xeon(R) Platinum 8375C CPU @ 2.90GHz,Intel
r6id.large,ap-northeast-1,apne1-az1,3,10.0,10.0,1.0,0.1827,0.0588,67,r6id,Memory,r,2.0,16.0,28967.8459,Intel(R) Xeon(R) Platinum 8375C CPU @ 2.90GHz,Intel(R) Xeon(R) Platinum 8375C CPU @ 2.90GHz,Intel
r6id.large,ap-northeast-1,apne1-az2,3,5.0,5.0,1.0,0.1827,0.0569,68,r6id,Memory,r,2.0,16.0,28967.8459,Intel(R) Xeon(R) Platinum 8375C CPU @ 2.90GHz,Intel(R) Xeon(R) Platinum 8375C CPU @ 2.90GHz,Intel
r6id.large,ap-northeast-1,apne1-az4,3,5.0,10.0,1.0,0.1827,0.0528,71,r6id,Memory,r,2.0,16.0,28967.8459,Intel(R) Xeon(R) Platinum 8375C CPU @ 2.90GHz,Intel(R) Xeon(R) Platinum 8375C CPU @ 2.90GHz,Intel
r6id.xlarge,ap-northeast-1,apne1-az1,3,5.0,5.0,1.5,0.3654,0.1203,67,r6id,Memory,r,4.0,32.0,28994.2608,Intel(R) Xeon(R) Platinum 8375C CPU @ 2.90GHz,Intel(R) Xeon(R) Platinum 8375C CPU @ 2.90GHz,Intel
r6id.xlarge,ap-northeast-1,apne1-az2,3,5.0,5.0,1.5,0.3654,0.1207,66,r6id,Memory,r,4.0,32.0,28994.2608,Intel(R) Xeon(R) Platinum 8375C CPU @ 2.90GHz,Intel(R) Xeon(R) Platinum 8375C CPU @ 2.90GHz,Intel
r6id.xlarge,ap-northeast-1,apne1-az4,3,10.0,15.0,1.5,0.3654,0.1163,68,r6id,Memory,r,4.0,32.0,28994.2608,Intel(R) Xeon(R) Platinum 8375C CPU @ 2.90GHz,Intel(R) Xeon(R) Platinum 8375C CPU @ 2.90GHz,Intel
r6idn.12xlarge,ap-northeast-1,apne1-az1,3,1.0,1.0,3.0,5.70024,1.7571,69,r6idn,Memory,r,48.0,384.0,29014.8139,Intel(R) Xeon(R) Platinum 8375C CPU @ 2.90GHz,Intel(R) Xeon(R) Platinum 8375C CPU @ 2.90GHz,Intel
r6idn.12xlarge,ap-northeast-1,apne1-az2,3,1.0,1.0,3.0,5.70024,1.6525,71,r6idn,Memory,r,48.0,384.0,29014.8139,Intel(R) Xeon(R) Platinum 8375C CPU @ 2.90GHz,Intel(R) Xeon(R) Platinum 8375C CPU @ 2.90GHz,Intel
r6idn.12xlarge,ap-northeast-1,apne1-az4,3,1.0,1.0,3.0,5.70024,2.055,63,r6idn,Memory,r,48.0,384.0,29014.8139,Intel(R) Xeon(R) Platinum 8375C CPU @ 2.90GHz,Intel(R) Xeon(R) Platinum 8375C CPU @ 2.90GHz,Intel
r6idn.16xlarge,ap-northeast-1,apne1-az1,3,1.0,1.0,3.0,7.60032,2.4249,68,r6idn,Memory,r,64.0,512.0,29020.5131,Intel(R) Xeon(R) Platinum 8375C CPU @ 2.90GHz,Intel(R) Xeon(R) Platinum 8375C CPU @ 2.90GHz,Intel
r6idn.16xlarge,ap-northeast-1,apne1-az2,3,1.0,1.0,3.0,7.60032,2.3394,69,r6idn,Memory,r,64.0,512.0,29020.5131,Intel(R) Xeon(R) Platinum 8375C CPU @ 2.90GHz,Intel(R) Xeon(R) Platinum 8375C CPU @ 2.90GHz,Intel
r6idn.16xlarge,ap-northeast-1,apne1-az4,2,0.0,1.0,3.0,7.60032,2.3135,69,r6idn,Memory,r,64.0,512.0,29020.5131,Intel(R) Xeon(R) Platinum 8375C CPU @ 2.90GHz,Intel(R) Xeon(R) Platinum 8375C CPU @ 2.90GHz,Intel
r6idn.24xlarge,ap-northeast-1,apne1-az1,3,1.0,1.0,2.0,11.40048,3.6611,67,r6idn,Memory,r,96.0,768.0,28971.0329,Intel(R) Xeon(R) Platinum 8375C CPU @ 2.90GHz,Intel(R) Xeon(R) Platinum 8375C CPU @ 2.90GHz,Intel
r6idn.24xlarge,ap-northeast-1,apne1-az2,3,1.0,1.0,2.0,11.40048,3.4306,69,r6idn,Memory,r,96.0,768.0,28971.0329,Intel(R) Xeon(R) Platinum 8375C CPU @ 2.90GHz,Intel(R) Xeon(R) Platinum 8375C CPU @ 2.90GHz,Intel
r6idn.24xlarge,ap-northeast-1,apne1-az4,3,1.0,1.0,2.0,11.40048,3.6524,67,r6idn,Memory,r,96.0,768.0,28971.0329,Intel(R) Xeon(R) Platinum 8375C CPU @ 2.90GHz,Intel(R) Xeon(R) Platinum 8375C CPU @ 2.90GHz,Intel
r6idn.2xlarge,ap-northeast-1,apne1-az1,3,5.0,10.0,3.0,0.95004,0.288,69,r6idn,Memory,r,8.0,64.0,28964.403,Intel(R) Xeon(R) Platinum 8375C CPU @ 2.90GHz,Intel(R) Xeon(R) Platinum 8375C CPU @ 2.90GHz,Intel
r6idn.2xlarge,ap-northeast-1,apne1-az2,3,5.0,10.0,3.0,0.95004,0.2931,69,r6idn,Memory,r,8.0,64.0,28964.403,Intel(R) Xeon(R) Platinum 8375C CPU @ 2.90GHz,Intel(R) Xeon(R) Platinum 8375C CPU @ 2.90GHz,Intel
r6idn.2xlarge,ap-northeast-1,apne1-az4,3,1.0,1.0,3.0,0.95004,0.3387,64,r6idn,Memory,r,8.0,64.0,28964.403,Intel(R) Xeon(R) Platinum 8375C CPU @ 2.90GHz,Intel(R) Xeon(R) Platinum 8375C CPU @ 2.90GHz,Intel
r6idn.32xlarge,ap-northeast-1,apne1-az1,3,10.0,15.0,2.0,15.20064,4.8066,68,r6idn,Memory,r,128.0,1024.0,28995.1245,Intel(R) Xeon(R) Platinum 8375C CPU @ 2.90GHz,Intel(R) Xeon(R) Platinum 8375C CPU @ 2.90GHz,Intel
r6idn.32xlarge,ap-northeast-1,apne1-az2,3,5.0,10.0,2.0,15.20064,4.8203,68,r6idn,Memory,r,128.0,1024.0,28995.1245,Intel(R) Xeon(R) Platinum 8375C CPU @ 2.90GHz,Intel(R) Xeon(R) Platinum 8375C CPU @ 2.90GHz,Intel
r6idn.32xlarge,ap-northeast-1,apne1-az4,3,1.0,1.0,2.0,15.20064,4.7249,68,r6idn,Memory,r,128.0,1024.0,28995.1245,Intel(R) Xeon(R) Platinum 8375C CPU @ 2.90GHz,Intel(R) Xeon(R) Platinum 8375C CPU @ 2.90GHz,Intel
r6idn.4xlarge,ap-northeast-1,apne1-az1,3,1.0,5.0,2.0,1.90008,0.5645,70,r6idn,Memory,r,16.0,128.0,29004.7108,Intel(R) Xeon(R) Platinum 8375C CPU @ 2.90GHz,Intel(R) Xeon(R) Platinum 8375C CPU @ 2.90GHz,Intel
r6idn.4xlarge,ap-northeast-1,apne1-az2,3,1.0,1.0,2.0,1.90008,0.6026,68,r6idn,Memory,r,16.0,128.0,29004.7108,Intel(R) Xeon(R) Platinum 8375C CPU @ 2.90GHz,Intel(R) Xeon(R) Platinum 8375C CPU @ 2.90GHz,Intel
r6idn.4xlarge,ap-northeast-1,apne1-az4,3,1.0,1.0,2.0,1.90008,0.6924,63,r6idn,Memory,r,16.0,128.0,29004.7108,Intel(R) Xeon(R) Platinum 8375C CPU @ 2.90GHz,Intel(R) Xeon(R) Platinum 8375C CPU @ 2.90GHz,Intel
r6idn.8xlarge,ap-northeast-1,apne1-az1,3,1.0,1.0,3.0,3.80016,1.5231,59,r6idn,Memory,r,32.0,256.0,28956.5551,Intel(R) Xeon(R) Platinum 8375C CPU @ 2.90GHz,Intel(R) Xeon(R) Platinum 8375C CPU @ 2.90GHz,Intel
r6idn.8xlarge,ap-northeast-1,apne1-az2,3,1.0,1.0,3.0,3.80016,1.2363,67,r6idn,Memory,r,32.0,256.0,28956.5551,Intel(R) Xeon(R) Platinum 8375C CPU @ 2.90GHz,Intel(R) Xeon(R) Platinum 8375C CPU @ 2.90GHz,Intel
r6idn.8xlarge,ap-northeast-1,apne1-az4,2,0.0,1.0,3.0,3.80016,1.2437,67,r6idn,Memory,r,32.0,256.0,28956.5551,Intel(R) Xeon(R) Platinum 8375C CPU @ 2.90GHz,Intel(R) Xeon(R) Platinum 8375C CPU @ 2.90GHz,Intel
r6idn.large,ap-northeast-1,apne1-az1,3,40.0,50.0,3.0,0.23751,0.0714,69,r6idn,Memory,r,2.0,16.0,28922.4831,Intel(R) Xeon(R) Platinum 8375C CPU @ 2.90GHz,Intel(R) Xeon(R) Platinum 8375C CPU @ 2.90GHz,Intel
r6idn.large,ap-northeast-1,apne1-az2,3,25.0,40.0,3.0,0.23751,0.0803,66,r6idn,Memory,r,2.0,16.0,28922.4831,Intel(R) Xeon(R) Platinum 8375C CPU @ 2.90GHz,Intel(R) Xeon(R) Platinum 8375C CPU @ 2.90GHz,Intel
r6idn.large,ap-northeast-1,apne1-az4,3,10.0,15.0,3.0,0.23751,0.0739,68,r6idn,Memory,r,2.0,16.0,28922.4831,Intel(R) Xeon(R) Platinum 8375C CPU @ 2.90GHz,Intel(R) Xeon(R) Platinum 8375C CPU @ 2.90GHz,Intel
r6idn.xlarge,ap-northeast-1,apne1-az1,3,20.0,30.0,3.0,0.47502,0.1605,66,r6idn,Memory,r,4.0,32.0,29017.3107,Intel(R) Xeon(R) Platinum 8375C CPU @ 2.90GHz,Intel(R) Xeon(R) Platinum 8375C CPU @ 2.90GHz,Intel
r6idn.xlarge,ap-northeast-1,apne1-az2,3,10.0,20.0,3.0,0.47502,0.1477,68,r6idn,Memory,r,4.0,32.0,29017.3107,Intel(R) Xeon(R) Platinum 8375C CPU @ 2.90GHz,Intel(R) Xeon(R) Platinum 8375C CPU @ 2.90GHz,Intel
r6idn.xlarge,ap-northeast-1,apne1-az4,3,1.0,1.0,3.0,0.47502,0.1914,59,r6idn,Memory,r,4.0,32.0,29017.3107,Intel(R) Xeon(R) Platinum 8375C CPU @ 2.90GHz,Intel(R) Xeon(R) Platinum 8375C CPU @ 2.90GHz,Intel
r6in.12xlarge,ap-northeast-1,apne1-az1,3,1.0,1.0,2.5,5.08248,1.7154,66,r6in,Memory,r,48.0,384.0,28999.8199294,Intel(R) Xeon(R) Platinum 8375C CPU @ 2.90GHz,Intel(R) Xeon(R) Platinum 8375C CPU @ 2.90GHz,Intel
r6in.12xlarge,ap-northeast-1,apne1-az2,3,1.0,1.0,2.5,5.08248,1.5975,68,r6in,Memory,r,48.0,384.0,28999.8199294,Intel(R) Xeon(R) Platinum 8375C CPU @ 2.90GHz,Intel(R) Xeon(R) Platinum 8375C CPU @ 2.90GHz,Intel
r6in.12xlarge,ap-northeast-1,apne1-az4,3,1.0,1.0,2.5,5.08248,1.7275,66,r6in,Memory,r,48.0,384.0,28999.8199294,Intel(R) Xeon(R) Platinum 8375C CPU @ 2.90GHz,Intel(R) Xeon(R) Platinum 8375C CPU @ 2.90GHz,Intel
r6in.16xlarge,ap-northeast-1,apne1-az1,3,1.0,1.0,3.0,6.77664,3.0501,54,r6in,Memory,r,64.0,512.0,29030.456523,Intel(R) Xeon(R) Platinum 8375C CPU @ 2.90GHz,Intel(R) Xeon(R) Platinum 8375C CPU @ 2.90GHz,Intel
r6in.16xlarge,ap-northeast-1,apne1-az2,3,1.0,1.0,3.0,6.77664,2.1373,68,r6in,Memory,r,64.0,512.0,29030.456523,Intel(R) Xeon(R) Platinum 8375C CPU @ 2.90GHz,Intel(R) Xeon(R) Platinum 8375C CPU @ 2.90GHz,Intel
r6in.16xlarge,ap-northeast-1,apne1-az4,2,0.0,1.0,3.0,6.77664,2.2007,67,r6in,Memory,r,64.0,512.0,29030.456523,Intel(R) Xeon(R) Platinum 8375C CPU @ 2.90GHz,Intel(R) Xeon(R) Platinum 8375C CPU @ 2.90GHz,Intel
r6in.24xlarge,ap-northeast-1,apne1-az1,3,1.0,1.0,2.5,10.16496,3.0026,70,r6in,Memory,r,96.0,768.0,29007.549157400004,Intel(R) Xeon(R) Platinum 8375C CPU @ 2.90GHz,Intel(R) Xeon(R) Platinum 8375C CPU @ 2.90GHz,Intel
r6in.24xlarge,ap-northeast-1,apne1-az2,3,1.0,1.0,2.5,10.16496,2.8566,71,r6in,Memory,r,96.0,768.0,29007.549157400004,Intel(R) Xeon(R) Platinum 8375C CPU @ 2.90GHz,Intel(R) Xeon(R) Platinum 8375C CPU @ 2.90GHz,Intel
r6in.24xlarge,ap-northeast-1,apne1-az4,2,0.0,1.0,2.5,10.16496,3.0686,69,r6in,Memory,r,96.0,768.0,29007.549157400004,Intel(R) Xeon(R) Platinum 8375C CPU @ 2.90GHz,Intel(R) Xeon(R) Platinum 8375C CPU @ 2.90GHz,Intel
r6in.2xlarge,ap-northeast-1,apne1-az1,3,5.0,10.0,2.5,0.84708,0.2818,66,r6in,Memory,r,8.0,64.0,29024.5758708,Intel(R) Xeon(R) Platinum 8375C CPU @ 2.90GHz,Intel(R) Xeon(R) Platinum 8375C CPU @ 2.90GHz,Intel
r6in.2xlarge,ap-northeast-1,apne1-az2,3,5.0,10.0,2.5,0.84708,0.2443,71,r6in,Memory,r,8.0,64.0,29024.5758708,Intel(R) Xeon(R) Platinum 8375C CPU @ 2.90GHz,Intel(R) Xeon(R) Platinum 8375C CPU @ 2.90GHz,Intel
r6in.2xlarge,ap-northeast-1,apne1-az4,3,1.0,1.0,2.5,0.84708,0.2706,68,r6in,Memory,r,8.0,64.0,29024.5758708,Intel(R) Xeon(R) Platinum 8375C CPU @ 2.90GHz,Intel(R) Xeon(R) Platinum 8375C CPU @ 2.90GHz,Intel
r6in.32xlarge,ap-northeast-1,apne1-az1,3,1.0,1.0,2.0,13.55328,4.3934,67,r6in,Memory,r,128.0,1024.0,28971.875437800005,Intel(R) Xeon(R) Platinum 8375C CPU @ 2.90GHz,Intel(R) Xeon(R) Platinum 8375C CPU @ 2.90GHz,Intel
r6in.32xlarge,ap-northeast-1,apne1-az2,3,1.0,1.0,2.0,13.55328,3.9795,70,r6in,Memory,r,128.0,1024.0,28971.875437800005,Intel(R) Xeon(R) Platinum 8375C CPU @ 2.90GHz,Intel(R) Xeon(R) Platinum 8375C CPU @ 2.90GHz,Intel
r6in.32xlarge,ap-northeast-1,apne1-az4,2,0.0,1.0,2.0,13.55328,3.8561,71,r6in,Memory,r,128.0,1024.0,28971.875437800005,Intel(R) Xeon(R) Platinum 8375C CPU @ 2.90GHz,Intel(R) Xeon(R) Platinum 8375C CPU @ 2.90GHz,Intel
r6in.4xlarge,ap-northeast-1,apne1-az1,3,5.0,5.0,1.0,1.69416,0.7581,55,r6in,Memory,r,16.0,128.0,28981.0300328,Intel(R) Xeon(R) Platinum 8375C CPU @ 2.90GHz,Intel(R) Xeon(R) Platinum 8375C CPU @ 2.90GHz,Intel
r6in.4xlarge,ap-northeast-1,apne1-az2,3,1.0,5.0,1.0,1.69416,0.6018,64,r6in,Memory,r,16.0,128.0,28981.0300328,Intel(R) Xeon(R) Platinum 8375C CPU @ 2.90GHz,Intel(R) Xeon(R) Platinum 8375C CPU @ 2.90GHz,Intel
r6in.4xlarge,ap-northeast-1,apne1-az4,3,5.0,15.0,1.0,1.69416,0.5678,66,r6in,Memory,r,16.0,128.0,28981.0300328,Intel(R) Xeon(R) Platinum 8375C CPU @ 2.90GHz,Intel(R) Xeon(R) Platinum 8375C CPU @ 2.90GHz,Intel
r6in.8xlarge,ap-northeast-1,apne1-az1,3,1.0,1.0,2.0,3.38832,1.3439,60,r6in,Memory,r,32.0,256.0,28979.4757428,Intel(R) Xeon(R) Platinum 8375C CPU @ 2.90GHz,Intel(R) Xeon(R) Platinum 8375C CPU @ 2.90GHz,Intel
r6in.8xlarge,ap-northeast-1,apne1-az2,3,1.0,1.0,2.0,3.38832,1.0838,68,r6in,Memory,r,32.0,256.0,28979.4757428,Intel(R) Xeon(R) Platinum 8375C CPU @ 2.90GHz,Intel(R) Xeon(R) Platinum 8375C CPU @ 2.90GHz,Intel
r6in.8xlarge,ap-northeast-1,apne1-az4,3,1.0,1.0,2.0,3.38832,1.0239,69,r6in,Memory,r,32.0,256.0,28979.4757428,Intel(R) Xeon(R) Platinum 8375C CPU @ 2.90GHz,Intel(R) Xeon(R) Platinum 8375C CPU @ 2.90GHz,Intel
r6in.large,ap-northeast-1,apne1-az1,3,50.0,50.0,2.0,0.21177,0.0623,70,r6in,Memory,r,2.0,16.0,28982.6698086,Intel(R) Xeon(R) Platinum 8375C CPU @ 2.90GHz,Intel(R) Xeon(R) Platinum 8375C CPU @ 2.90GHz,Intel
r6in.large,ap-northeast-1,apne1-az2,3,30.0,45.0,2.0,0.21177,0.0612,71,r6in,Memory,r,2.0,16.0,28982.6698086,Intel(R) Xeon(R) Platinum 8375C CPU @ 2.90GHz,Intel(R) Xeon(R) Platinum 8375C CPU @ 2.90GHz,Intel
r6in.large,ap-northeast-1,apne1-az4,3,50.0,50.0,2.0,0.21177,0.0681,67,r6in,Memory,r,2.0,16.0,28982.6698086,Intel(R) Xeon(R) Platinum 8375C CPU @ 2.90GHz,Intel(R) Xeon(R) Platinum 8375C CPU @ 2.90GHz,Intel
r6in.xlarge,ap-northeast-1,apne1-az1,3,15.0,25.0,2.5,0.42354,0.1551,63,r6in,Memory,r,4.0,32.0,29002.831699,Intel(R) Xeon(R) Platinum 8375C CPU @ 2.90GHz,Intel(R) Xeon(R) Platinum 8375C CPU @ 2.90GHz,Intel
r6in.xlarge,ap-northeast-1,apne1-az2,3,10.0,20.0,2.5,0.42354,0.1323,68,r6in,Memory,r,4.0,32.0,29002.831699,Intel(R) Xeon(R) Platinum 8375C CPU @ 2.90GHz,Intel(R) Xeon(R) Platinum 8375C CPU @ 2.90GHz,Intel
r6in.xlarge,ap-northeast-1,apne1-az4,3,1.0,5.0,2.5,0.42354,0.1334,68,r6in,Memory,r,4.0,32.0,29002.831699,Intel(R) Xeon(R) Platinum 8375C CPU @ 2.90GHz,Intel(R) Xeon(R) Platinum 8375C CPU @ 2.90GHz,Intel
r7a.12xlarge,ap-northeast-1,apne1-az1,3,1.0,1.0,1.5,4.40496,1.9266,56,r7a,Memory,r,48.0,384.0,35594.098298,AMD EPYC 9R14,AMD EPYC 9R14,AuthenticAMD
r7a.12xlarge,ap-northeast-1,apne1-az2,3,1.0,1.0,1.5,4.40496,1.6541,62,r7a,Memory,r,48.0,384.0,35594.098298,AMD EPYC 9R14,AMD EPYC 9R14,AuthenticAMD
r7a.12xlarge,ap-northeast-1,apne1-az4,2,0.0,1.0,1.5,4.40496,1.9951,54,r7a,Memory,r,48.0,384.0,35594.098298,AMD EPYC 9R14,AMD EPYC 9R14,AuthenticAMD
r7a.16xlarge,ap-northeast-1,apne1-az1,3,1.0,1.0,2.5,5.87328,2.0476,65,r7a,Memory,r,64.0,512.0,35552.02395340001,AMD EPYC 9R14,AMD EPYC 9R14,AuthenticAMD
r7a.16xlarge,ap-northeast-1,apne1-az2,3,1.0,1.0,2.5,5.87328,1.8002,69,r7a,Memory,r,64.0,512.0,35552.02395340001,AMD EPYC 9R14,AMD EPYC 9R14,AuthenticAMD
r7a.16xlarge,ap-northeast-1,apne1-az4,3,1.0,1.0,2.5,5.87328,1.772,69,r7a,Memory,r,64.0,512.0,35552.02395340001,AMD EPYC 9R14,AMD EPYC 9R14,AuthenticAMD
r7a.24xlarge,ap-northeast-1,apne1-az1,3,1.0,5.0,2.5,8.80992,2.8145,68,r7a,Memory,r,96.0,768.0,35605.2477766,AMD EPYC 9R14,AMD EPYC 9R14,AuthenticAMD
r7a.24xlarge,ap-northeast-1,apne1-az2,3,1.0,1.0,2.5,8.80992,2.7146,69,r7a,Memory,r,96.0,768.0,35605.2477766,AMD EPYC 9R14,AMD EPYC 9R14,AuthenticAMD
r7a.24xlarge,ap-northeast-1,apne1-az4,2,0.0,1.0,2.5,8.80992,2.6642,69,r7a,Memory,r,96.0,768.0,35605.2477766,AMD EPYC 9R14,AMD EPYC 9R14,AuthenticAMD
r7a.2xlarge,ap-northeast-1,apne1-az1,3,20.0,35.0,2.5,0.73416,0.2354,67,r7a,Memory,r,8.0,64.0,35584.9629768,AMD EPYC 9R14,AMD EPYC 9R14,AuthenticAMD
r7a.2xlarge,ap-northeast-1,apne1-az2,3,15.0,30.0,2.5,0.73416,0.2351,67,r7a,Memory,r,8.0,64.0,35584.9629768,AMD EPYC 9R14,AMD EPYC 9R14,AuthenticAMD
r7a.2xlarge,ap-northeast-1,apne1-az4,3,5.0,5.0,2.5,0.73416,0.2419,67,r7a,Memory,r,8.0,64.0,35584.9629768,AMD EPYC 9R14,AMD EPYC 9R14,AuthenticAMD
r7a.32xlarge,ap-northeast-1,apne1-az1,3,1.0,5.0,2.5,11.74656,3.4929,70,r7a,Memory,r,128.0,1024.0,35624.4450724,AMD EPYC 9R14,AMD EPYC 9R14,AuthenticAMD
r7a.32xlarge,ap-northeast-1,apne1-az2,3,1.0,1.0,2.5,11.74656,3.5056,70,r7a,Memory,r,128.0,1024.0,35624.4450724,AMD EPYC 9R14,AMD EPYC 9R14,AuthenticAMD
r7a.32xlarge,ap-northeast-1,apne1-az4,1,0.0,0.0,2.5,11.74656,3.7036,68,r7a,Memory,r,128.0,1024.0,35624.4450724,AMD EPYC 9R14,AMD EPYC 9R14,AuthenticAMD
r7a.48xlarge,ap-northeast-1,apne1-az1,3,10.0,20.0,2.0,17.61984,5.2231,70,r7a,Memory,r,192.0,1536.0,35643.6463564,AMD EPYC 9R14,AMD EPYC 9R14,AuthenticAMD
r7a.48xlarge,ap-northeast-1,apne1-az2,3,10.0,15.0,2.0,17.61984,5.2576,70,r7a,Memory,r,192.0,1536.0,35643.6463564,AMD EPYC 9R14,AMD EPYC 9R14,AuthenticAMD
r7a.48xlarge,ap-northeast-1,apne1-az4,1,0.0,0.0,2.0,17.61984,5.5451,68,r7a,Memory,r,192.0,1536.0,35643.6463564,AMD EPYC 9R14,AMD EPYC 9R14,AuthenticAMD
r7a.4xlarge,ap-northeast-1,apne1-az1,3,10.0,15.0,1.5,1.46832,0.5044,65,r7a,Memory,r,16.0,128.0,35601.1796332,AMD EPYC 9R14,AMD EPYC 9R14,AuthenticAMD
r7a.4xlarge,ap-northeast-1,apne1-az2,3,20.0,35.0,1.5,1.46832,0.5032,65,r7a,Memory,r,16.0,128.0,35601.1796332,AMD EPYC 9R14,AMD EPYC 9R14,AuthenticAMD
r7a.4xlarge,ap-northeast-1,apne1-az4,3,5.0,10.0,1.5,1.46832,0.6857,53,r7a,Memory,r,16.0,128.0,35601.1796332,AMD EPYC 9R14,AMD EPYC 9R14,AuthenticAMD
r7a.8xlarge,ap-northeast-1,apne1-az1,3,1.0,1.0,1.0,2.93664,1.1543,60,r7a,Memory,r,32.0,256.0,35566.829638,AMD EPYC 9R14,AMD EPYC 9R14,AuthenticAMD
r7a.8xlarge,ap-northeast-1,apne1-az2,3,1.0,5.0,1.0,2.93664,1.1804,59,r7a,Memory,r,32.0,256.0,35566.829638,AMD EPYC 9R14,AMD EPYC 9R14,AuthenticAMD
r7a.8xlarge,ap-northeast-1,apne1-az4,3,1.0,1.0,1.0,2.93664,1.3862,52,r7a,Memory,r,32.0,256.0,35566.829638,AMD EPYC 9R14,AMD EPYC 9R14,AuthenticAMD
r7a.large,ap-northeast-1,apne1-az1,3,50.0,50.0,3.0,0.18354,0.0597,67,r7a,Memory,r,2.0,16.0,35626.7616784,AMD EPYC 9R14,AMD EPYC 9R14,AuthenticAMD
r7a.large,ap-northeast-1,apne1-az2,3,35.0,50.0,3.0,0.18354,0.0549,70,r7a,Memory,r,2.0,16.0,35626.7616784,AMD EPYC 9R14,AMD EPYC 9R14,AuthenticAMD
r7a.large,ap-northeast-1,apne1-az4,3,50.0,50.0,3.0,0.18354,0.0573,68,r7a,Memory,r,2.0,16.0,35626.7616784,AMD EPYC 9R14,AMD EPYC 9R14,AuthenticAMD
r7a.medium,ap-northeast-1,apne1-az1,3,50.0,50.0,3.0,0.09177,0.0297,67,r7a,Memory,r,1.0,8.0,35571.0988776,AMD EPYC 9R14,AMD EPYC 9R14,AuthenticAMD
r7a.medium,ap-northeast-1,apne1-az2,3,50.0,50.0,3.0,0.09177,0.0293,68,r7a,Memory,r,1.0,8.0,35571.0988776,AMD EPYC 9R14,AMD EPYC 9R14,AuthenticAMD
r7a.medium,ap-northeast-1,apne1-az4,3,30.0,50.0,3.0,0.09177,0.028,69,r7a,Memory,r,1.0,8.0,35571.0988776,AMD EPYC 9R14,AMD EPYC 9R14,AuthenticAMD
r7a.xlarge,ap-northeast-1,apne1-az1,3,50.0,50.0,2.5,0.36708,0.1173,68,r7a,Memory,r,4.0,32.0,35510.57794519999,AMD EPYC 9R14,AMD EPYC 9R14,AuthenticAMD
r7a.xlarge,ap-northeast-1,apne1-az2,3,50.0,50.0,2.5,0.36708,0.119,67,r7a,Memory,r,4.0,32.0,35510.57794519999,AMD EPYC 9R14,AMD EPYC 9R14,AuthenticAMD
r7a.xlarge,ap-northeast-1,apne1-az4,3,45.0,50.0,2.5,0.36708,0.1094,70,r7a,Memory,r,4.0,32.0,35510.57794519999,AMD EPYC 9R14,AMD EPYC 9R14,AuthenticAMD
r7g.12xlarge,ap-northeast-1,apne1-az1,3,50.0,50.0,2.0,3.1008,0.9785,68,r7g,Memory,r,48.0,384.0,24073.0669812,AWS Graviton3 Processor,AWS Graviton3 Processor,AWS
r7g.12xlarge,ap-northeast-1,apne1-az2,3,25.0,35.0,2.0,3.1008,0.9909,68,r7g,Memory,r,48.0,384.0,24073.0669812,AWS Graviton3 Processor,AWS Graviton3 Processor,AWS
r7g.12xlarge,ap-northeast-1,apne1-az4,3,50.0,50.0,2.0,3.1008,0.9519,69,r7g,Memory,r,48.0,384.0,24073.0669812,AWS Graviton3 Processor,AWS Graviton3 Processor,AWS
r7g.16xlarge,ap-northeast-1,apne1-az1,3,50.0,50.0,2.5,4.1344,1.4138,65,r7g,Memory,r,64.0,512.0,24069.1302852,AWS Graviton3 Processor,AWS Graviton3 Processor,AWS
r7g.16xlarge,ap-northeast-1,apne1-az2,3,10.0,15.0,2.5,4.1344,1.2741,69,r7g,Memory,r,64.0,512.0,24069.1302852,AWS Graviton3 Processor,AWS Graviton3 Processor,AWS
r7g.16xlarge,ap-northeast-1,apne1-az4,3,50.0,50.0,2.5,4.1344,1.2566,69,r7g,Memory,r,64.0,512.0,24069.1302852,AWS Graviton3 Processor,AWS Graviton3 Processor,AWS
r7g.2xlarge,ap-northeast-1,apne1-az1,3,40.0,50.0,3.0,0.5168,0.1745,66,r7g,Memory,r,8.0,64.0,24077.3574614,AWS Graviton3 Processor,AWS Graviton3 Processor,AWS
r7g.2xlarge,ap-northeast-1,apne1-az2,3,30.0,50.0,3.0,0.5168,0.162,68,r7g,Memory,r,8.0,64.0,24077.3574614,AWS Graviton3 Processor,AWS Graviton3 Processor,AWS
r7g.2xlarge,ap-northeast-1,apne1-az4,3,35.0,50.0,3.0,0.5168,0.1941,62,r7g,Memory,r,8.0,64.0,24077.3574614,AWS Graviton3 Processor,AWS Graviton3 Processor,AWS
r7g.4xlarge,ap-northeast-1,apne1-az1,3,50.0,50.0,3.0,1.0336,0.3723,63,r7g,Memory,r,16.0,128.0,24077.0095074,AWS Graviton3 Processor,AWS Graviton3 Processor,AWS
r7g.4xlarge,ap-northeast-1,apne1-az2,3,35.0,50.0,3.0,1.0336,0.3668,64,r7g,Memory,r,16.0,128.0,24077.0095074,AWS Graviton3 Processor,AWS Graviton3 Processor,AWS
r7g.4xlarge,ap-northeast-1,apne1-az4,3,50.0,50.0,3.0,1.0336,0.3672,64,r7g,Memory,r,16.0,128.0,24077.0095074,AWS Graviton3 Processor,AWS Graviton3 Processor,AWS
r7g.8xlarge,ap-northeast-1,apne1-az1,3,40.0,50.0,2.0,2.0672,0.7256,64,r7g,Memory,r,32.0,256.0,24083.3886114,AWS Graviton3 Processor,AWS Graviton3 Processor,AWS
r7g.8xlarge,ap-northeast-1,apne1-az2,3,5.0,10.0,2.0,2.0672,0.7503,63,r7g,Memory,r,32.0,256.0,24083.3886114,AWS Graviton3 Processor,AWS Graviton3 Processor,AWS
r7g.8xlarge,ap-northeast-1,apne1-az4,3,15.0,20.0,2.0,2.0672,0.916,55,r7g,Memory,r,32.0,256.0,24083.3886114,AWS Graviton3 Processor,AWS Graviton3 Processor,AWS
r7g.large,ap-northeast-1,apne1-az1,3,50.0,50.0,2.5,0.1292,0.0406,68,r7g,Memory,r,2.0,16.0,24079.6750146,AWS Graviton3 Processor,AWS Graviton3 Processor,AWS
r7g.large,ap-northeast-1,apne1-az2,3,50.0,50.0,2.5,0.1292,0.0444,65,r7g,Memory,r,2.0,16.0,24079.6750146,AWS Graviton3 Processor,AWS Graviton3 Processor,AWS
r7g.large,ap-northeast-1,apne1-az4,3,50.0,50.0,2.5,0.1292,0.0389,69,r7g,Memory,r,2.0,16.0,24079.6750146,AWS Graviton3 Processor,AWS Graviton3 Processor,AWS
r7g.medium,ap-northeast-1,apne1-az1,3,50.0,50.0,2.0,0.0646,0.0199,69,r7g,Memory,r,1.0,8.0,24085.4820246,AWS Graviton3 Processor,AWS Graviton3 Processor,AWS
r7g.medium,ap-northeast-1,apne1-az2,3,50.0,50.0,2.0,0.0646,0.0188,70,r7g,Memory,r,1.0,8.0,24085.4820246,AWS Graviton3 Processor,AWS Graviton3 Processor,AWS
r7g.medium,ap-northeast-1,apne1-az4,3,50.0,50.0,2.0,0.0646,0.0198,69,r7g,Memory,r,1.0,8.0,24085.4820246,AWS Graviton3 Processor,AWS Graviton3 Processor,AWS
r7g.xlarge,ap-northeast-1,apne1-az1,3,50.0,50.0,3.0,0.2584,0.0783,69,r7g,Memory,r,4.0,32.0,24078.167410400005,AWS Graviton3 Processor,AWS Graviton3 Processor,AWS
r7g.xlarge,ap-northeast-1,apne1-az2,3,50.0,50.0,3.0,0.2584,0.0848,67,r7g,Memory,r,4.0,32.0,24078.167410400005,AWS Graviton3 Processor,AWS Graviton3 Processor,AWS
r7g.xlarge,ap-northeast-1,apne1-az4,3,50.0,50.0,3.0,0.2584,0.0845,67,r7g,Memory,r,4.0,32.0,24078.167410400005,AWS Graviton3 Processor,AWS Graviton3 Processor,AWS
r7gd.12xlarge,ap-northeast-1,apne1-az1,3,,,3.0,3.9463,1.1682,70,r7gd,Memory,r,48.0,384.0,24077.081,AWS Graviton3 Processor,AWS Graviton3 Processor,AWS
r7gd.12xlarge,ap-northeast-1,apne1-az2,3,15.0,,3.0,3.9463,1.1654,70,r7gd,Memory,r,48.0,384.0,24077.081,AWS Graviton3 Processor,AWS Graviton3 Processor,AWS
r7gd.12xlarge,ap-northeast-1,apne1-az4,3,10.0,15.0,3.0,3.9463,1.1742,70,r7gd,Memory,r,48.0,384.0,24077.081,AWS Graviton3 Processor,AWS Graviton3 Processor,AWS
r7gd.16xlarge,ap-northeast-1,apne1-az1,3,,,3.0,5.2618,1.5873,69,r7gd,Memory,r,64.0,512.0,24077.081,AWS Graviton3 Processor,AWS Graviton3 Processor,AWS
r7gd.16xlarge,ap-northeast-1,apne1-az2,3,25.0,40.0,3.0,5.2618,1.7409,66,r7gd,Memory,r,64.0,512.0,24077.081,AWS Graviton3 Processor,AWS Graviton3 Processor,AWS
r7gd.16xlarge,ap-northeast-1,apne1-az4,3,5.0,10.0,3.0,5.2618,1.7175,67,r7gd,Memory,r,64.0,512.0,24077.081,AWS Graviton3 Processor,AWS Graviton3 Processor,AWS
r7gd.2xlarge,ap-northeast-1,apne1-az1,3,,,3.0,0.6577,0.207,68,r7gd,Memory,r,8.0,64.0,24082.4604,AWS Graviton3 Processor,AWS Graviton3 Processor,AWS
r7gd.2xlarge,ap-northeast-1,apne1-az2,3,20.0,35.0,3.0,0.6577,0.2095,68,r7gd,Memory,r,8.0,64.0,24082.4604,AWS Graviton3 Processor,AWS Graviton3 Processor,AWS
r7gd.2xlarge,ap-northeast-1,apne1-az4,3,5.0,10.0,3.0,0.6577,0.2215,66,r7gd,Memory,r,8.0,64.0,24082.4604,AWS Graviton3 Processor,AWS Graviton3 Processor,AWS
r7gd.4xlarge,ap-northeast-1,apne1-az1,3,,,3.0,1.3154,0.4172,68,r7gd,Memory,r,16.0,128.0,24077.081,AWS Graviton3 Processor,AWS Graviton3 Processor,AWS
r7gd.4xlarge,ap-northeast-1,apne1-az2,3,25.0,35.0,3.0,1.3154,0.4352,66,r7gd,Memory,r,16.0,128.0,24077.081,AWS Graviton3 Processor,AWS Graviton3 Processor,AWS
r7gd.4xlarge,ap-northeast-1,apne1-az4,3,15.0,20.0,3.0,1.3154,0.4568,65,r7gd,Memory,r,16.0,128.0,24077.081,AWS Graviton3 Processor,AWS Graviton3 Processor,AWS
r7gd.8xlarge,ap-northeast-1,apne1-az1,3,1.0,1.0,2.5,2.6309,1.2741,51,r7gd,Memory,r,32.0,256.0,24077.081,AWS Graviton3 Processor,AWS Graviton3 Processor,AWS
r7gd.8xlarge,ap-northeast-1,apne1-az2,3,1.0,1.0,2.5,2.6309,1.3939,47,r7gd,Memory,r,32.0,256.0,24077.081,AWS Graviton3 Processor,AWS Graviton3 Processor,AWS
r7gd.8xlarge,ap-northeast-1,apne1-az4,3,1.0,1.0,2.5,2.6309,0.966,63,r7gd,Memory,r,32.0,256.0,24077.081,AWS Graviton3 Processor,AWS Graviton3 Processor,AWS
r7gd.large,ap-northeast-1,apne1-az1,3,50.0,50.0,3.0,0.1644,0.054,67,r7gd,Memory,r,2.0,16.0,24093.7153,AWS Graviton3 Processor,AWS Graviton3 Processor,AWS
r7gd.large,ap-northeast-1,apne1-az2,3,50.0,50.0,3.0,0.1644,0.0522,68,r7gd,Memory,r,2.0,16.0,24093.7153,AWS Graviton3 Processor,AWS Graviton3 Processor,AWS
r7gd.large,ap-northeast-1,apne1-az4,3,35.0,50.0,3.0,0.1644,0.0522,68,r7gd,Memory,r,2.0,16.0,24093.7153,AWS Graviton3 Processor,AWS Graviton3 Processor,AWS
r7gd.medium,ap-northeast-1,apne1-az1,3,50.0,50.0,2.5,0.0822,0.0261,68,r7gd,Memory,r,1.0,8.0,24077.081,AWS Graviton3 Processor,AWS Graviton3 Processor,AWS
r7gd.medium,ap-northeast-1,apne1-az2,3,50.0,50.0,2.5,0.0822,0.0237,71,r7gd,Memory,r,1.0,8.0,24077.081,AWS Graviton3 Processor,AWS Graviton3 Processor,AWS
r7gd.medium,ap-northeast-1,apne1-az4,3,45.0,50.0,2.5,0.0822,0.0263,68,r7gd,Memory,r,1.0,8.0,24077.081,AWS Graviton3 Processor,AWS Graviton3 Processor,AWS
r7gd.xlarge,ap-northeast-1,apne1-az1,3,,,3.0,0.3289,0.1059,67,r7gd,Memory,r,4.0,32.0,24077.081,AWS Graviton3 Processor,AWS Graviton3 Processor,AWS
r7gd.xlarge,ap-northeast-1,apne1-az2,3,45.0,,3.0,0.3289,0.1138,65,r7gd,Memory,r,4.0,32.0,24077.081,AWS Graviton3 Processor,AWS Graviton3 Processor,AWS
r7gd.xlarge,ap-northeast-1,apne1-az4,3,15.0,20.0,3.0,0.3289,0.1068,67,r7gd,Memory,r,4.0,32.0,24077.081,AWS Graviton3 Processor,AWS Graviton3 Processor,AWS
r7i.12xlarge,ap-northeast-1,apne1-az1,3,1.0,1.0,3.0,3.8304,1.13,70,r7i,Memory,r,48.0,384.0,34303.2326352,Intel(R) Xeon(R) Platinum 8488C,Intel(R) Xeon(R) Platinum 8488C,Intel
r7i.12xlarge,ap-northeast-1,apne1-az2,3,1.0,5.0,3.0,3.8304,1.1389,70,r7i,Memory,r,48.0,384.0,34303.2326352,Intel(R) Xeon(R) Platinum 8488C,Intel(R) Xeon(R) Platinum 8488C,Intel
r7i.12xlarge,ap-northeast-1,apne1-az4,3,1.0,5.0,3.0,3.8304,1.2657,66,r7i,Memory,r,48.0,384.0,34303.2326352,Intel(R) Xeon(R) Platinum 8488C,Intel(R) Xeon(R) Platinum 8488C,Intel
r7i.16xlarge,ap-northeast-1,apne1-az1,3,10.0,15.0,3.0,5.1072,2.148,57,r7i,Memory,r,64.0,512.0,34294.7839738,Intel(R) Xeon(R) Platinum 8488C,Intel(R) Xeon(R) Platinum 8488C,Intel
r7i.16xlarge,ap-northeast-1,apne1-az2,3,45.0,50.0,3.0,5.1072,1.6922,66,r7i,Memory,r,64.0,512.0,34294.7839738,Intel(R) Xeon(R) Platinum 8488C,Intel(R) Xeon(R) Platinum 8488C,Intel
r7i.16xlarge,ap-northeast-1,apne1-az4,3,25.0,40.0,3.0,5.1072,1.7833,65,r7i,Memory,r,64.0,512.0,34294.7839738,Intel(R) Xeon(R) Platinum 8488C,Intel(R) Xeon(R) Platinum 8488C,Intel
r7i.24xlarge,ap-northeast-1,apne1-az1,3,5.0,10.0,2.0,7.6608,2.4312,68,r7i,Memory,r,96.0,768.0,34375.390687,Intel(R) Xeon(R) Platinum 8488C,Intel(R) Xeon(R) Platinum 8488C,Intel
r7i.24xlarge,ap-northeast-1,apne1-az2,3,25.0,40.0,2.0,7.6608,2.2847,70,r7i,Memory,r,96.0,768.0,34375.390687,Intel(R) Xeon(R) Platinum 8488C,Intel(R) Xeon(R) Platinum 8488C,Intel
r7i.24xlarge,ap-northeast-1,apne1-az4,3,20.0,30.0,2.0,7.6608,2.2412,70,r7i,Memory,r,96.0,768.0,34375.390687,Intel(R) Xeon(R) Platinum 8488C,Intel(R) Xeon(R) Platinum 8488C,Intel
r7i.2xlarge,ap-northeast-1,apne1-az1,3,10.0,15.0,2.0,0.6384,0.2095,67,r7i,Memory,r,8.0,64.0,31225.026048,Intel(R) Xeon(R) Platinum 8488C,Intel(R) Xeon(R) Platinum 8488C,Intel
r7i.2xlarge,ap-northeast-1,apne1-az2,3,50.0,50.0,2.0,0.6384,0.2139,66,r7i,Memory,r,8.0,64.0,31225.026048,Intel(R) Xeon(R) Platinum 8488C,Intel(R) Xeon(R) Platinum 8488C,Intel
r7i.2xlarge,ap-northeast-1,apne1-az4,3,15.0,25.0,2.0,0.6384,0.2468,61,r7i,Memory,r,8.0,64.0,31225.026048,Intel(R) Xeon(R) Platinum 8488C,Intel(R) Xeon(R) Platinum 8488C,Intel
r7i.48xlarge,ap-northeast-1,apne1-az1,3,5.0,10.0,3.0,15.3216,4.6246,69,r7i,Memory,r,192.0,1536.0,34337.6371492,Intel(R) Xeon(R) Platinum 8488C,Intel(R) Xeon(R) Platinum 8488C,Intel
r7i.48xlarge,ap-northeast-1,apne1-az2,3,5.0,10.0,3.0,15.3216,4.4061,71,r7i,Memory,r,192.0,1536.0,34337.6371492,Intel(R) Xeon(R) Platinum 8488C,Intel(R) Xeon(R) Platinum 8488C,Intel
r7i.48xlarge,ap-northeast-1,apne1-az4,3,5.0,5.0,3.0,15.3216,4.6556,69,r7i,Memory,r,192.0,1536.0,34337.6371492,Intel(R) Xeon(R) Platinum 8488C,Intel(R) Xeon(R) Platinum 8488C,Intel
r7i.4xlarge,ap-northeast-1,apne1-az1,3,5.0,5.0,2.5,1.2768,0.3802,70,r7i,Memory,r,16.0,128.0,34601.8810342,Intel(R) Xeon(R) Platinum 8488C,Intel(R) Xeon(R) Platinum 8488C,Intel
r7i.4xlarge,ap-northeast-1,apne1-az2,3,35.0,50.0,2.5,1.2768,0.4317,66,r7i,Memory,r,16.0,128.0,34601.8810342,Intel(R) Xeon(R) Platinum 8488C,Intel(R) Xeon(R) Platinum 8488C,Intel
r7i.4xlarge,ap-northeast-1,apne1-az4,3,10.0,15.0,2.5,1.2768,0.5794,54,r7i,Memory,r,16.0,128.0,34601.8810342,Intel(R) Xeon(R) Platinum 8488C,Intel(R) Xeon(R) Platinum 8488C,Intel
r7i.8xlarge,ap-northeast-1,apne1-az1,3,1.0,5.0,3.0,2.5536,0.8474,66,r7i,Memory,r,32.0,256.0,34785.947861,Intel(R) Xeon(R) Platinum 8488C,Intel(R) Xeon(R) Platinum 8488C,Intel
r7i.8xlarge,ap-northeast-1,apne1-az2,3,15.0,25.0,3.0,2.5536,0.8331,67,r7i,Memory,r,32.0,256.0,34785.947861,Intel(R) Xeon(R) Platinum 8488C,Intel(R) Xeon(R) Platinum 8488C,Intel
r7i.8xlarge,ap-northeast-1,apne1-az4,3,15.0,20.0,3.0,2.5536,0.757,70,r7i,Memory,r,32.0,256.0,34785.947861,Intel(R) Xeon(R) Platinum 8488C,Intel(R) Xeon(R) Platinum 8488C,Intel
r7i.large,ap-northeast-1,apne1-az1,3,50.0,50.0,3.0,0.1596,0.0562,64,r7i,Memory,r,2.0,16.0,34697.75583940001,Intel(R) Xeon(R) Platinum 8488C,Intel(R) Xeon(R) Platinum 8488C,Intel
r7i.large,ap-northeast-1,apne1-az2,3,50.0,50.0,3.0,0.1596,0.0484,69,r7i,Memory,r,2.0,16.0,34697.75583940001,Intel(R) Xeon(R) Platinum 8488C,Intel(R) Xeon(R) Platinum 8488C,Intel
r7i.large,ap-northeast-1,apne1-az4,3,50.0,50.0,3.0,0.1596,0.053,66,r7i,Memory,r,2.0,16.0,34697.75583940001,Intel(R) Xeon(R) Platinum 8488C,Intel(R) Xeon(R) Platinum 8488C,Intel
r7i.xlarge,ap-northeast-1,apne1-az1,3,30.0,50.0,2.5,0.3192,0.1088,65,r7i,Memory,r,4.0,32.0,34301.1909938,Intel(R) Xeon(R) Platinum 8488C,Intel(R) Xeon(R) Platinum 8488C,Intel
r7i.xlarge,ap-northeast-1,apne1-az2,3,35.0,50.0,2.5,0.3192,0.1149,64,r7i,Memory,r,4.0,32.0,34301.1909938,Intel(R) Xeon(R) Platinum 8488C,Intel(R) Xeon(R) Platinum 8488C,Intel
r7i.xlarge,ap-northeast-1,apne1-az4,3,50.0,50.0,2.5,0.3192,0.1235,61,r7i,Memory,r,4.0,32.0,34301.1909938,Intel(R) Xeon(R) Platinum 8488C,Intel(R) Xeon(R) Platinum 8488C,Intel
r7iz.12xlarge,ap-northeast-1,apne1-az1,1,0.0,0.0,2.5,5.448,2.5409,53,r7iz,Memory,r,48.0,384.0,35860.09764139999,Intel(R) Xeon(R) Gold 6455B,Intel(R) Xeon(R) Platinum 8488C,Intel
r7iz.12xlarge,ap-northeast-1,apne1-az2,3,1.0,1.0,2.5,5.448,4.4078,19,r7iz,Memory,r,48.0,384.0,35860.09764139999,Intel(R) Xeon(R) Gold 6455B,Intel(R) Xeon(R) Platinum 8488C,Intel
r7iz.12xlarge,ap-northeast-1,apne1-az4,3,1.0,1.0,2.5,5.448,2.2845,58,r7iz,Memory,r,48.0,384.0,35860.09764139999,Intel(R) Xeon(R) Gold 6455B,Intel(R) Xeon(R) Platinum 8488C,Intel
r7iz.16xlarge,ap-northeast-1,apne1-az1,3,1.0,1.0,2.5,7.264,2.1685,70,r7iz,Memory,r,64.0,512.0,35871.1167232,Intel(R) Xeon(R) Gold 6455B,Intel(R) Xeon(R) Platinum 8488C,Intel
r7iz.16xlarge,ap-northeast-1,apne1-az2,3,1.0,1.0,2.5,7.264,2.1091,70,r7iz,Memory,r,64.0,512.0,35871.1167232,Intel(R) Xeon(R) Gold 6455B,Intel(R) Xeon(R) Platinum 8488C,Intel
r7iz.16xlarge,ap-northeast-1,apne1-az4,3,5.0,10.0,2.5,7.264,2.0783,71,r7iz,Memory,r,64.0,512.0,35871.1167232,Intel(R) Xeon(R) Gold 6455B,Intel(R) Xeon(R) Platinum 8488C,Intel
r7iz.2xlarge,ap-northeast-1,apne1-az1,3,1.0,5.0,3.0,0.908,0.3002,66,r7iz,Memory,r,8.0,64.0,35854.9903118,Intel(R) Xeon(R) Gold 6455B,Intel(R) Xeon(R) Platinum 8488C,Intel
r7iz.2xlarge,ap-northeast-1,apne1-az2,3,5.0,5.0,3.0,0.908,0.2662,70,r7iz,Memory,r,8.0,64.0,35854.9903118,Intel(R) Xeon(R) Gold 6455B,Intel(R) Xeon(R) Platinum 8488C,Intel
r7iz.2xlarge,ap-northeast-1,apne1-az4,3,5.0,5.0,3.0,0.908,0.4224,53,r7iz,Memory,r,8.0,64.0,35854.9903118,Intel(R) Xeon(R) Gold 6455B,Intel(R) Xeon(R) Platinum 8488C,Intel
r7iz.32xlarge,ap-northeast-1,apne1-az1,1,0.0,0.0,3.0,14.528,6.9014,52,r7iz,Memory,r,128.0,1024.0,35912.8514916,Intel(R) Xeon(R) Gold 6455B,Intel(R) Xeon(R) Platinum 8488C,Intel
r7iz.32xlarge,ap-northeast-1,apne1-az2,3,1.0,1.0,3.0,14.528,9.1355,37,r7iz,Memory,r,128.0,1024.0,35912.8514916,Intel(R) Xeon(R) Gold 6455B,Intel(R) Xeon(R) Platinum 8488C,Intel
r7iz.32xlarge,ap-northeast-1,apne1-az4,3,5.0,5.0,3.0,14.528,5.2677,63,r7iz,Memory,r,128.0,1024.0,35912.8514916,Intel(R) Xeon(R) Gold 6455B,Intel(R) Xeon(R) Platinum 8488C,Intel
r7iz.4xlarge,ap-northeast-1,apne1-az1,3,1.0,5.0,2.5,1.816,0.7722,57,r7iz,Memory,r,16.0,128.0,35862.87535839999,Intel(R) Xeon(R) Gold 6455B,Intel(R) Xeon(R) Platinum 8488C,Intel
r7iz.4xlarge,ap-northeast-1,apne1-az2,3,1.0,1.0,2.5,1.816,0.5541,69,r7iz,Memory,r,16.0,128.0,35862.87535839999,Intel(R) Xeon(R) Gold 6455B,Intel(R) Xeon(R) Platinum 8488C,Intel
r7iz.4xlarge,ap-northeast-1,apne1-az4,3,1.0,1.0,2.5,1.816,0.7348,59,r7iz,Memory,r,16.0,128.0,35862.87535839999,Intel(R) Xeon(R) Gold 6455B,Intel(R) Xeon(R) Platinum 8488C,Intel
r7iz.8xlarge,ap-northeast-1,apne1-az1,3,1.0,1.0,3.0,3.632,1.1696,67,r7iz,Memory,r,32.0,256.0,35866.3119806,Intel(R) Xeon(R) Gold 6455B,Intel(R) Xeon(R) Platinum 8488C,Intel
r7iz.8xlarge,ap-northeast-1,apne1-az2,3,1.0,1.0,3.0,3.632,1.0738,70,r7iz,Memory,r,32.0,256.0,35866.3119806,Intel(R) Xeon(R) Gold 6455B,Intel(R) Xeon(R) Platinum 8488C,Intel
r7iz.8xlarge,ap-northeast-1,apne1-az4,3,1.0,1.0,3.0,3.632,1.6641,54,r7iz,Memory,r,32.0,256.0,35866.3119806,Intel(R) Xeon(R) Gold 6455B,Intel(R) Xeon(R) Platinum 8488C,Intel
r7iz.large,ap-northeast-1,apne1-az1,3,35.0,50.0,3.0,0.227,0.0715,68,r7iz,Memory,r,2.0,16.0,35805.645069000006,Intel(R) Xeon(R) Gold 6455B,Intel(R) Xeon(R) Platinum 8488C,Intel
r7iz.large,ap-northeast-1,apne1-az2,3,25.0,40.0,3.0,0.227,0.0643,71,r7iz,Memory,r,2.0,16.0,35805.645069000006,Intel(R) Xeon(R) Gold 6455B,Intel(R) Xeon(R) Platinum 8488C,Intel
r7iz.large,ap-northeast-1,apne1-az4,3,45.0,50.0,3.0,0.227,0.0646,71,r7iz,Memory,r,2.0,16.0,35805.645069000006,Intel(R) Xeon(R) Gold 6455B,Intel(R) Xeon(R) Platinum 8488C,Intel
r7iz.xlarge,ap-northeast-1,apne1-az1,3,5.0,10.0,3.0,0.454,0.1498,67,r7iz,Memory,r,4.0,32.0,35764.321865599995,Intel(R) Xeon(R) Gold 6455B,Intel(R) Xeon(R) Platinum 8488C,Intel
r7iz.xlarge,ap-northeast-1,apne1-az2,3,10.0,15.0,3.0,0.454,0.1428,68,r7iz,Memory,r,4.0,32.0,35764.321865599995,Intel(R) Xeon(R) Gold 6455B,Intel(R) Xeon(R) Platinum 8488C,Intel
r7iz.xlarge,ap-northeast-1,apne1-az4,3,10.0,15.0,3.0,0.454,0.2005,55,r7iz,Memory,r,4.0,32.0,35764.321865599995,Intel(R) Xeon(R) Gold 6455B,Intel(R) Xeon(R) Platinum 8488C,Intel
r8g.12xlarge,ap-northeast-1,apne1-az1,3,1.0,1.0,2.5,3.41088,1.0494,69,r8g,Memory,r,48.0,384.0,28983.8286316,AWS Graviton4 Processor,AWS Graviton4 Processor,AWS
r8g.12xlarge,ap-northeast-1,apne1-az2,2,0.0,1.0,2.5,3.41088,0.9504,72,r8g,Memory,r,48.0,384.0,28983.8286316,AWS Graviton4 Processor,AWS Graviton4 Processor,AWS
r8g.12xlarge,ap-northeast-1,apne1-az4,3,1.0,1.0,2.5,3.41088,1.0433,69,r8g,Memory,r,48.0,384.0,28983.8286316,AWS Graviton4 Processor,AWS Graviton4 Processor,AWS
r8g.16xlarge,ap-northeast-1,apne1-az1,3,1.0,1.0,2.0,4.54784,1.2269,73,r8g,Memory,r,64.0,512.0,28983.8286316,AWS Graviton4 Processor,AWS Graviton4 Processor,AWS
r8g.16xlarge,ap-northeast-1,apne1-az2,3,1.0,5.0,2.0,4.54784,1.3777,69,r8g,Memory,r,64.0,512.0,28983.8286316,AWS Graviton4 Processor,AWS Graviton4 Processor,AWS
r8g.16xlarge,ap-northeast-1,apne1-az4,3,1.0,5.0,2.0,4.54784,1.4413,68,r8g,Memory,r,64.0,512.0,28983.8286316,AWS Graviton4 Processor,AWS Graviton4 Processor,AWS
r8g.24xlarge,ap-northeast-1,apne1-az1,3,1.0,1.0,2.5,6.82176,2.0996,69,r8g,Memory,r,96.0,768.0,28987.1890368,AWS Graviton4 Processor,AWS Graviton4 Processor,AWS
r8g.24xlarge,ap-northeast-1,apne1-az2,2,0.0,1.0,2.5,6.82176,2.0907,69,r8g,Memory,r,96.0,768.0,28987.1890368,AWS Graviton4 Processor,AWS Graviton4 Processor,AWS
r8g.24xlarge,ap-northeast-1,apne1-az4,3,1.0,1.0,2.5,6.82176,2.2673,66,r8g,Memory,r,96.0,768.0,28987.1890368,AWS Graviton4 Processor,AWS Graviton4 Processor,AWS
r8g.2xlarge,ap-northeast-1,apne1-az1,3,10.0,15.0,2.5,0.56848,0.1904,66,r8g,Memory,r,8.0,64.0,28989.37286,AWS Graviton4 Processor,AWS Graviton4 Processor,AWS
r8g.2xlarge,ap-northeast-1,apne1-az2,3,1.0,1.0,2.5,0.56848,0.1767,68,r8g,Memory,r,8.0,64.0,28989.37286,AWS Graviton4 Processor,AWS Graviton4 Processor,AWS
r8g.2xlarge,ap-northeast-1,apne1-az4,3,1.0,1.0,2.5,0.56848,0.1666,70,r8g,Memory,r,8.0,64.0,28989.37286,AWS Graviton4 Processor,AWS Graviton4 Processor,AWS
r8g.48xlarge,ap-northeast-1,apne1-az1,3,10.0,15.0,2.5,13.64352,4.1356,69,r8g,Memory,r,192.0,1536.0,28983.8286316,AWS Graviton4 Processor,AWS Graviton4 Processor,AWS
r8g.48xlarge,ap-northeast-1,apne1-az2,3,1.0,1.0,2.5,13.64352,4.3737,67,r8g,Memory,r,192.0,1536.0,28983.8286316,AWS Graviton4 Processor,AWS Graviton4 Processor,AWS
r8g.48xlarge,ap-northeast-1,apne1-az4,3,1.0,1.0,2.5,13.64352,3.6999,72,r8g,Memory,r,192.0,1536.0,28983.8286316,AWS Graviton4 Processor,AWS Graviton4 Processor,AWS
r8g.4xlarge,ap-northeast-1,apne1-az1,3,5.0,10.0,1.0,1.13696,0.3478,69,r8g,Memory,r,16.0,128.0,28981.14998,AWS Graviton4 Processor,AWS Graviton4 Processor,AWS
r8g.4xlarge,ap-northeast-1,apne1-az2,3,1.0,1.0,1.0,1.13696,0.3695,67,r8g,Memory,r,16.0,128.0,28981.14998,AWS Graviton4 Processor,AWS Graviton4 Processor,AWS
r8g.4xlarge,ap-northeast-1,apne1-az4,3,1.0,5.0,1.0,1.13696,0.6078,46,r8g,Memory,r,16.0,128.0,28981.14998,AWS Graviton4 Processor,AWS Graviton4 Processor,AWS
r8g.8xlarge,ap-northeast-1,apne1-az1,3,1.0,1.0,1.0,2.27392,0.7896,65,r8g,Memory,r,32.0,256.0,28952.40156,AWS Graviton4 Processor,AWS Graviton4 Processor,AWS
r8g.8xlarge,ap-northeast-1,apne1-az2,3,1.0,5.0,1.0,2.27392,0.711,68,r8g,Memory,r,32.0,256.0,28952.40156,AWS Graviton4 Processor,AWS Graviton4 Processor,AWS
r8g.8xlarge,ap-northeast-1,apne1-az4,3,1.0,1.0,1.0,2.27392,0.7254,68,r8g,Memory,r,32.0,256.0,28952.40156,AWS Graviton4 Processor,AWS Graviton4 Processor,AWS
r8g.large,ap-northeast-1,apne1-az1,3,35.0,50.0,1.5,0.14212,0.0443,68,r8g,Memory,r,2.0,16.0,28983.32312,AWS Graviton4 Processor,AWS Graviton4 Processor,AWS
r8g.large,ap-northeast-1,apne1-az2,3,5.0,10.0,1.5,0.14212,0.0456,67,r8g,Memory,r,2.0,16.0,28983.32312,AWS Graviton4 Processor,AWS Graviton4 Processor,AWS
r8g.large,ap-northeast-1,apne1-az4,3,10.0,15.0,1.5,0.14212,0.0438,69,r8g,Memory,r,2.0,16.0,28983.32312,AWS Graviton4 Processor,AWS Graviton4 Processor,AWS
r8g.medium,ap-northeast-1,apne1-az1,3,50.0,50.0,1.5,0.07106,0.0207,70,r8g,Memory,r,1.0,8.0,28979.47845,AWS Graviton4 Processor,AWS Graviton4 Processor,AWS
r8g.medium,ap-northeast-1,apne1-az2,3,10.0,20.0,1.5,0.07106,0.0229,67,r8g,Memory,r,1.0,8.0,28979.47845,AWS Graviton4 Processor,AWS Graviton4 Processor,AWS
r8g.medium,ap-northeast-1,apne1-az4,3,20.0,35.0,1.5,0.07106,0.0224,68,r8g,Memory,r,1.0,8.0,28979.47845,AWS Graviton4 Processor,AWS Graviton4 Processor,AWS
r8g.metal-24xl,ap-northeast-1,apne1-az1,3,1.0,1.0,3.0,6.82176,2.1191,68,r8g,Memory,r,96.0,768.0,29003.97921,,,AWS
r8g.metal-24xl,ap-northeast-1,apne1-az2,1,0.0,0.0,3.0,6.82176,6.8218,0,r8g,Memory,r,96.0,768.0,29003.97921,,,AWS
r8g.metal-24xl,ap-northeast-1,apne1-az4,1,0.0,0.0,3.0,6.82176,6.0069,11,r8g,Memory,r,96.0,768.0,29003.97921,,,AWS
r8g.metal-48xl,ap-northeast-1,apne1-az1,1,0.0,0.0,2.5,13.64352,4.0265,70,r8g,Memory,r,192.0,1536.0,27998.65795,,,AWS
r8g.metal-48xl,ap-northeast-1,apne1-az2,1,0.0,0.0,2.5,13.64352,4.1313,69,r8g,Memory,r,192.0,1536.0,27998.65795,,,AWS
r8g.metal-48xl,ap-northeast-1,apne1-az4,1,0.0,0.0,2.5,13.64352,10.5029,23,r8g,Memory,r,192.0,1536.0,27998.65795,,,AWS
r8g.xlarge,ap-northeast-1,apne1-az1,3,20.0,30.0,1.0,0.28424,0.0863,69,r8g,Memory,r,4.0,32.0,28989.036983799997,AWS Graviton4 Processor,AWS Graviton4 Processor,AWS
r8g.xlarge,ap-northeast-1,apne1-az2,3,1.0,5.0,1.0,0.28424,0.0842,70,r8g,Memory,r,4.0,32.0,28989.036983799997,AWS Graviton4 Processor,AWS Graviton4 Processor,AWS
r8g.xlarge,ap-northeast-1,apne1-az4,3,1.0,5.0,1.0,0.28424,0.0879,69,r8g,Memory,r,4.0,32.0,28989.036983799997,AWS Graviton4 Processor,AWS Graviton4 Processor,AWS
t2.2xlarge,ap-northeast-1,apne1-az1,3,50.0,50.0,3.0,0.4864,0.153,68,t2,General,t,8.0,32.0,18582.09222,Intel(R) Xeon(R) CPU E5-2686 v4 @ 2.30GHz,Intel(R) Xeon(R) CPU E5-2686 v4 @ 2.30GHz,Intel
t2.2xlarge,ap-northeast-1,apne1-az2,3,15.0,25.0,3.0,0.4864,0.1435,70,t2,General,t,8.0,32.0,18582.09222,Intel(R) Xeon(R) CPU E5-2686 v4 @ 2.30GHz,Intel(R) Xeon(R) CPU E5-2686 v4 @ 2.30GHz,Intel
t2.2xlarge,ap-northeast-1,apne1-az4,3,50.0,50.0,3.0,0.4864,0.1502,69,t2,General,t,8.0,32.0,18582.09222,Intel(R) Xeon(R) CPU E5-2686 v4 @ 2.30GHz,Intel(R) Xeon(R) CPU E5-2686 v4 @ 2.30GHz,Intel
t2.large,ap-northeast-1,apne1-az1,3,50.0,50.0,3.0,0.1216,0.0386,68,t2,General,t,2.0,8.0,18595.94317,Intel(R) Xeon(R) CPU E5-2686 v4 @ 2.30GHz,Intel(R) Xeon(R) CPU E5-2686 v4 @ 2.30GHz,Intel
t2.large,ap-northeast-1,apne1-az2,3,30.0,50.0,3.0,0.1216,0.0388,68,t2,General,t,2.0,8.0,18595.94317,Intel(R) Xeon(R) CPU E5-2686 v4 @ 2.30GHz,Intel(R) Xeon(R) CPU E5-2686 v4 @ 2.30GHz,Intel
t2.large,ap-northeast-1,apne1-az4,3,50.0,50.0,3.0,0.1216,0.0353,70,t2,General,t,2.0,8.0,18595.94317,Intel(R) Xeon(R) CPU E5-2686 v4 @ 2.30GHz,Intel(R) Xeon(R) CPU E5-2686 v4 @ 2.30GHz,Intel
t2.medium,ap-northeast-1,apne1-az1,3,50.0,50.0,3.0,0.0608,0.0178,70,t2,General,t,1.0,4.0,18677.2431552,Intel(R) Xeon(R) CPU E5-2676 v3 @ 2.40GHz,Intel(R) Xeon(R) CPU E5-2676 v3 @ 2.40GHz,Intel
t2.medium,ap-northeast-1,apne1-az2,3,50.0,50.0,3.0,0.0608,0.0181,70,t2,General,t,1.0,4.0,18677.2431552,Intel(R) Xeon(R) CPU E5-2676 v3 @ 2.40GHz,Intel(R) Xeon(R) CPU E5-2676 v3 @ 2.40GHz,Intel
t2.medium,ap-northeast-1,apne1-az4,3,50.0,50.0,3.0,0.0608,0.0177,70,t2,General,t,1.0,4.0,18677.2431552,Intel(R) Xeon(R) CPU E5-2676 v3 @ 2.40GHz,Intel(R) Xeon(R) CPU E5-2676 v3 @ 2.40GHz,Intel
t2.micro,ap-northeast-1,apne1-az1,3,50.0,50.0,1.0,0.0152,0.0043,71,t2,General,t,1.0,1.0,18680.147313200003,Intel(R) Xeon(R) CPU E5-2676 v3 @ 2.40GHz,Intel(R) Xeon(R) CPU E5-2676 v3 @ 2.40GHz,Intel
t2.micro,ap-northeast-1,apne1-az2,3,50.0,50.0,1.0,0.0152,0.0046,69,t2,General,t,1.0,1.0,18680.147313200003,Intel(R) Xeon(R) CPU E5-2676 v3 @ 2.40GHz,Intel(R) Xeon(R) CPU E5-2676 v3 @ 2.40GHz,Intel
t2.micro,ap-northeast-1,apne1-az4,3,50.0,50.0,1.0,0.0152,0.0046,69,t2,General,t,1.0,1.0,18680.147313200003,Intel(R) Xeon(R) CPU E5-2676 v3 @ 2.40GHz,Intel(R) Xeon(R) CPU E5-2676 v3 @ 2.40GHz,Intel
t2.small,ap-northeast-1,apne1-az1,3,50.0,50.0,2.5,0.0304,0.0092,69,t2,General,t,1.0,2.0,18456.5978276,Intel(R) Xeon(R) CPU E5-2676 v3 @ 2.40GHz,Intel(R) Xeon(R) CPU E5-2676 v3 @ 2.40GHz,Intel
t2.small,ap-northeast-1,apne1-az2,3,50.0,50.0,2.5,0.0304,0.0089,70,t2,General,t,1.0,2.0,18456.5978276,Intel(R) Xeon(R) CPU E5-2676 v3 @ 2.40GHz,Intel(R) Xeon(R) CPU E5-2676 v3 @ 2.40GHz,Intel
t2.small,ap-northeast-1,apne1-az4,3,50.0,50.0,2.5,0.0304,0.0093,69,t2,General,t,1.0,2.0,18456.5978276,Intel(R) Xeon(R) CPU E5-2676 v3 @ 2.40GHz,Intel(R) Xeon(R) CPU E5-2676 v3 @ 2.40GHz,Intel
t2.xlarge,ap-northeast-1,apne1-az1,3,50.0,50.0,3.0,0.2432,0.0814,66,t2,General,t,4.0,16.0,18656.67052,Intel(R) Xeon(R) CPU E5-2686 v4 @ 2.30GHz,Intel(R) Xeon(R) CPU E5-2686 v4 @ 2.30GHz,Intel
t2.xlarge,ap-northeast-1,apne1-az2,3,15.0,30.0,3.0,0.2432,0.0729,70,t2,General,t,4.0,16.0,18656.67052,Intel(R) Xeon(R) CPU E5-2686 v4 @ 2.30GHz,Intel(R) Xeon(R) CPU E5-2686 v4 @ 2.30GHz,Intel
t2.xlarge,ap-northeast-1,apne1-az4,3,50.0,50.0,3.0,0.2432,0.0796,67,t2,General,t,4.0,16.0,18656.67052,Intel(R) Xeon(R) CPU E5-2686 v4 @ 2.30GHz,Intel(R) Xeon(R) CPU E5-2686 v4 @ 2.30GHz,Intel
t3.2xlarge,ap-northeast-1,apne1-az1,3,50.0,50.0,3.0,0.4352,0.1402,67,t3,General,t,8.0,32.0,19030.82085,Intel(R) Xeon(R) Platinum 8259CL CPU @ 2.50GHz,Intel(R) Xeon(R) Platinum 8259CL CPU @ 2.50GHz,Intel
t3.2xlarge,ap-northeast-1,apne1-az2,3,50.0,50.0,3.0,0.4352,0.1251,71,t3,General,t,8.0,32.0,19030.82085,Intel(R) Xeon(R) Platinum 8259CL CPU @ 2.50GHz,Intel(R) Xeon(R) Platinum 8259CL CPU @ 2.50GHz,Intel
t3.2xlarge,ap-northeast-1,apne1-az4,3,50.0,50.0,3.0,0.4352,0.1222,71,t3,General,t,8.0,32.0,19030.82085,Intel(R) Xeon(R) Platinum 8259CL CPU @ 2.50GHz,Intel(R) Xeon(R) Platinum 8259CL CPU @ 2.50GHz,Intel
t3.large,ap-northeast-1,apne1-az1,3,50.0,50.0,3.0,0.1088,0.0396,63,t3,General,t,2.0,8.0,18001.996257799998,Intel(R) Xeon(R) Platinum 8175M CPU @ 2.50GHz,Intel(R) Xeon(R) Platinum 8175M CPU @ 2.50GHz,Intel
t3.large,ap-northeast-1,apne1-az2,3,50.0,50.0,3.0,0.1088,0.0501,53,t3,General,t,2.0,8.0,18001.996257799998,Intel(R) Xeon(R) Platinum 8175M CPU @ 2.50GHz,Intel(R) Xeon(R) Platinum 8175M CPU @ 2.50GHz,Intel
t3.large,ap-northeast-1,apne1-az4,3,50.0,50.0,3.0,0.1088,0.0426,60,t3,General,t,2.0,8.0,18001.996257799998,Intel(R) Xeon(R) Platinum 8175M CPU @ 2.50GHz,Intel(R) Xeon(R) Platinum 8175M CPU @ 2.50GHz,Intel
t3.medium,ap-northeast-1,apne1-az1,3,50.0,50.0,2.0,0.0544,0.0173,68,t3,General,t,1.0,4.0,16266.43901,Intel(R) Xeon(R) Platinum 8259CL CPU @ 2.50GHz,Intel(R) Xeon(R) Platinum 8259CL CPU @ 2.50GHz,Intel
t3.medium,ap-northeast-1,apne1-az2,3,50.0,50.0,2.0,0.0544,0.0172,68,t3,General,t,1.0,4.0,16266.43901,Intel(R) Xeon(R) Platinum 8259CL CPU @ 2.50GHz,Intel(R) Xeon(R) Platinum 8259CL CPU @ 2.50GHz,Intel
t3.medium,ap-northeast-1,apne1-az4,3,50.0,50.0,2.0,0.0544,0.016,70,t3,General,t,1.0,4.0,16266.43901,Intel(R) Xeon(R) Platinum 8259CL CPU @ 2.50GHz,Intel(R) Xeon(R) Platinum 8259CL CPU @ 2.50GHz,Intel
t3.micro,ap-northeast-1,apne1-az1,3,50.0,50.0,1.5,0.0136,0.0039,71,t3,General,t,1.0,1.0,18372.679650600003,Intel(R) Xeon(R) Platinum 8259CL CPU @ 2.50GHz,Intel(R) Xeon(R) Platinum 8259CL CPU @ 2.50GHz,Intel
t3.micro,ap-northeast-1,apne1-az2,3,50.0,50.0,1.5,0.0136,0.0044,67,t3,General,t,1.0,1.0,18372.679650600003,Intel(R) Xeon(R) Platinum 8259CL CPU @ 2.50GHz,Intel(R) Xeon(R) Platinum 8259CL CPU @ 2.50GHz,Intel
t3.micro,ap-northeast-1,apne1-az4,3,50.0,50.0,1.5,0.0136,0.0037,72,t3,General,t,1.0,1.0,18372.679650600003,Intel(R) Xeon(R) Platinum 8259CL CPU @ 2.50GHz,Intel(R) Xeon(R) Platinum 8259CL CPU @ 2.50GHz,Intel
t3.nano,ap-northeast-1,apne1-az1,3,50.0,50.0,2.5,0.0068,0.0021,69,t3,General,t,1.0,0.5,19838.44868,Intel(R) Xeon(R) Platinum 8259CL CPU @ 2.50GHz,Intel(R) Xeon(R) Platinum 8259CL CPU @ 2.50GHz,Intel
t3.nano,ap-northeast-1,apne1-az2,3,50.0,50.0,2.5,0.0068,0.002,70,t3,General,t,1.0,0.5,19838.44868,Intel(R) Xeon(R) Platinum 8259CL CPU @ 2.50GHz,Intel(R) Xeon(R) Platinum 8259CL CPU @ 2.50GHz,Intel
t3.nano,ap-northeast-1,apne1-az4,3,50.0,50.0,2.5,0.0068,0.0022,67,t3,General,t,1.0,0.5,19838.44868,Intel(R) Xeon(R) Platinum 8259CL CPU @ 2.50GHz,Intel(R) Xeon(R) Platinum 8259CL CPU @ 2.50GHz,Intel
t3.small,ap-northeast-1,apne1-az1,3,50.0,50.0,2.5,0.0272,0.0088,67,t3,General,t,1.0,2.0,17236.04337,Intel(R) Xeon(R) Platinum 8259CL CPU @ 2.50GHz,Intel(R) Xeon(R) Platinum 8259CL CPU @ 2.50GHz,Intel
t3.small,ap-northeast-1,apne1-az2,3,50.0,50.0,2.5,0.0272,0.0086,68,t3,General,t,1.0,2.0,17236.04337,Intel(R) Xeon(R) Platinum 8259CL CPU @ 2.50GHz,Intel(R) Xeon(R) Platinum 8259CL CPU @ 2.50GHz,Intel
t3.small,ap-northeast-1,apne1-az4,3,50.0,50.0,2.5,0.0272,0.0073,73,t3,General,t,1.0,2.0,17236.04337,Intel(R) Xeon(R) Platinum 8259CL CPU @ 2.50GHz,Intel(R) Xeon(R) Platinum 8259CL CPU @ 2.50GHz,Intel
t3.xlarge,ap-northeast-1,apne1-az1,3,50.0,50.0,3.0,0.2176,0.0632,70,t3,General,t,4.0,16.0,17927.58616,Intel(R) Xeon(R) Platinum 8175M CPU @ 2.50GHz,Intel(R) Xeon(R) Platinum 8175M CPU @ 2.50GHz,Intel
t3.xlarge,ap-northeast-1,apne1-az2,3,50.0,50.0,3.0,0.2176,0.0707,67,t3,General,t,4.0,16.0,17927.58616,Intel(R) Xeon(R) Platinum 8175M CPU @ 2.50GHz,Intel(R) Xeon(R) Platinum 8175M CPU @ 2.50GHz,Intel
t3.xlarge,ap-northeast-1,apne1-az4,3,50.0,50.0,3.0,0.2176,0.0664,69,t3,General,t,4.0,16.0,17927.58616,Intel(R) Xeon(R) Platinum 8175M CPU @ 2.50GHz,Intel(R) Xeon(R) Platinum 8175M CPU @ 2.50GHz,Intel
t3a.2xlarge,ap-northeast-1,apne1-az2,3,40.0,50.0,3.0,0.3917,0.1152,70,t3a,General,t,8.0,32.0,16978.0766,AMD EPYC 7571,AMD EPYC 7571,AuthenticAMD
t3a.2xlarge,ap-northeast-1,apne1-az4,3,50.0,50.0,3.0,0.3917,0.1201,69,t3a,General,t,8.0,32.0,16978.0766,AMD EPYC 7571,AMD EPYC 7571,AuthenticAMD
t3a.large,ap-northeast-1,apne1-az2,3,30.0,45.0,3.0,0.0979,0.0301,69,t3a,General,t,2.0,8.0,16978.0766,AMD EPYC 7571,AMD EPYC 7571,AuthenticAMD
t3a.large,ap-northeast-1,apne1-az4,3,50.0,50.0,3.0,0.0979,0.0382,60,t3a,General,t,2.0,8.0,16978.0766,AMD EPYC 7571,AMD EPYC 7571,AuthenticAMD
t3a.medium,ap-northeast-1,apne1-az2,3,30.0,50.0,1.5,0.049,0.0142,71,t3a,General,t,1.0,4.0,16978.0766,AMD EPYC 7571,AMD EPYC 7571,AuthenticAMD
t3a.medium,ap-northeast-1,apne1-az4,3,50.0,50.0,1.5,0.049,0.0186,62,t3a,General,t,1.0,4.0,16978.0766,AMD EPYC 7571,AMD EPYC 7571,AuthenticAMD
t3a.micro,ap-northeast-1,apne1-az2,3,50.0,50.0,2.5,0.0122,0.004,67,t3a,General,t,1.0,1.0,16978.0766,AMD EPYC 7571,AMD EPYC 7571,AuthenticAMD
t3a.micro,ap-northeast-1,apne1-az4,3,50.0,50.0,2.5,0.0122,0.0051,58,t3a,General,t,1.0,1.0,16978.0766,AMD EPYC 7571,AMD EPYC 7571,AuthenticAMD
t3a.nano,ap-northeast-1,apne1-az2,3,50.0,50.0,3.0,0.0061,0.0019,68,t3a,General,t,1.0,0.5,16978.0766,AMD EPYC 7571,AMD EPYC 7571,AuthenticAMD
t3a.nano,ap-northeast-1,apne1-az4,3,50.0,50.0,3.0,0.0061,0.0019,68,t3a,General,t,1.0,0.5,16978.0766,AMD EPYC 7571,AMD EPYC 7571,AuthenticAMD
t3a.small,ap-northeast-1,apne1-az2,3,30.0,50.0,2.0,0.0245,0.0081,66,t3a,General,t,1.0,2.0,16978.0766,AMD EPYC 7571,AMD EPYC 7571,AuthenticAMD
t3a.small,ap-northeast-1,apne1-az4,3,50.0,50.0,2.0,0.0245,0.0092,62,t3a,General,t,1.0,2.0,16978.0766,AMD EPYC 7571,AMD EPYC 7571,AuthenticAMD
t3a.xlarge,ap-northeast-1,apne1-az2,3,25.0,45.0,2.0,0.1958,0.0603,69,t3a,General,t,4.0,16.0,16978.0766,AMD EPYC 7571,AMD EPYC 7571,AuthenticAMD
t3a.xlarge,ap-northeast-1,apne1-az4,3,50.0,50.0,2.0,0.1958,0.0707,63,t3a,General,t,4.0,16.0,16978.0766,AMD EPYC 7571,AMD EPYC 7571,AuthenticAMD
t4g.2xlarge,ap-northeast-1,apne1-az1,3,15.0,25.0,2.0,0.3456,0.1194,65,t4g,General,t,8.0,32.0,18300.06135,AWS Graviton2 Processor,Neoverse-N1,AWS
t4g.2xlarge,ap-northeast-1,apne1-az2,3,5.0,10.0,2.0,0.3456,0.108,68,t4g,General,t,8.0,32.0,18300.06135,AWS Graviton2 Processor,Neoverse-N1,AWS
t4g.2xlarge,ap-northeast-1,apne1-az4,3,50.0,50.0,2.0,0.3456,0.1167,66,t4g,General,t,8.0,32.0,18300.06135,AWS Graviton2 Processor,Neoverse-N1,AWS
t4g.large,ap-northeast-1,apne1-az1,3,50.0,50.0,2.0,0.0864,0.0291,66,t4g,General,t,2.0,8.0,18018.79079,AWS Graviton2 Processor,Neoverse-N1,AWS
t4g.large,ap-northeast-1,apne1-az2,3,20.0,30.0,2.0,0.0864,0.0339,60,t4g,General,t,2.0,8.0,18018.79079,AWS Graviton2 Processor,Neoverse-N1,AWS
t4g.large,ap-northeast-1,apne1-az4,3,50.0,50.0,2.0,0.0864,0.0279,67,t4g,General,t,2.0,8.0,18018.79079,AWS Graviton2 Processor,Neoverse-N1,AWS
t4g.medium,ap-northeast-1,apne1-az1,3,50.0,50.0,1.0,0.0432,0.0131,69,t4g,General,t,1.0,4.0,18380.1536048,AWS Graviton2 Processor,Neoverse-N1,AWS
t4g.medium,ap-northeast-1,apne1-az2,3,50.0,50.0,1.0,0.0432,0.0144,66,t4g,General,t,1.0,4.0,18380.1536048,AWS Graviton2 Processor,Neoverse-N1,AWS
t4g.medium,ap-northeast-1,apne1-az4,3,50.0,50.0,1.0,0.0432,0.0129,70,t4g,General,t,1.0,4.0,18380.1536048,AWS Graviton2 Processor,Neoverse-N1,AWS
t4g.micro,ap-northeast-1,apne1-az1,3,50.0,50.0,1.0,0.0108,0.0041,62,t4g,General,t,1.0,1.0,18357.89179,AWS Graviton2 Processor,Neoverse-N1,AWS
t4g.micro,ap-northeast-1,apne1-az2,3,50.0,50.0,1.0,0.0108,0.0045,58,t4g,General,t,1.0,1.0,18357.89179,AWS Graviton2 Processor,Neoverse-N1,AWS
t4g.micro,ap-northeast-1,apne1-az4,3,50.0,50.0,1.0,0.0108,0.004,62,t4g,General,t,1.0,1.0,18357.89179,AWS Graviton2 Processor,Neoverse-N1,AWS
t4g.nano,ap-northeast-1,apne1-az1,3,50.0,50.0,3.0,0.0054,0.0017,68,t4g,General,t,1.0,0.5,18328.2761066,AWS Graviton2 Processor,Neoverse-N1,AWS
t4g.nano,ap-northeast-1,apne1-az2,3,50.0,50.0,3.0,0.0054,0.0025,53,t4g,General,t,1.0,0.5,18328.2761066,AWS Graviton2 Processor,Neoverse-N1,AWS
t4g.nano,ap-northeast-1,apne1-az4,3,50.0,50.0,3.0,0.0054,0.002,62,t4g,General,t,1.0,0.5,18328.2761066,AWS Graviton2 Processor,Neoverse-N1,AWS
t4g.small,ap-northeast-1,apne1-az1,3,50.0,50.0,1.0,0.0216,0.0087,59,t4g,General,t,1.0,2.0,18403.36735,AWS Graviton2 Processor,Neoverse-N1,AWS
t4g.small,ap-northeast-1,apne1-az2,3,50.0,50.0,1.0,0.0216,0.0091,57,t4g,General,t,1.0,2.0,18403.36735,AWS Graviton2 Processor,Neoverse-N1,AWS
t4g.small,ap-northeast-1,apne1-az4,3,50.0,50.0,1.0,0.0216,0.008,62,t4g,General,t,1.0,2.0,18403.36735,AWS Graviton2 Processor,Neoverse-N1,AWS
t4g.xlarge,ap-northeast-1,apne1-az1,3,25.0,40.0,2.0,0.1728,0.0754,56,t4g,General,t,4.0,16.0,17963.92442,AWS Graviton2 Processor,Neoverse-N1,AWS
t4g.xlarge,ap-northeast-1,apne1-az2,3,15.0,20.0,2.0,0.1728,0.0675,60,t4g,General,t,4.0,16.0,17963.92442,AWS Graviton2 Processor,Neoverse-N1,AWS
t4g.xlarge,ap-northeast-1,apne1-az4,3,50.0,50.0,2.0,0.1728,0.0711,58,t4g,General,t,4.0,16.0,17963.92442,AWS Graviton2 Processor,Neoverse-N1,AWS
vt1.24xlarge,ap-northeast-1,apne1-az4,1,0.0,0.0,3.0,6.54588,1.9005,70,vt1,AC,vt,96.0,192.0,23883.6025,Intel(R) Xeon(R) Platinum 8259CL CPU @ 2.50GHz,Intel(R) Xeon(R) Platinum 8259CL CPU @ 2.50GHz,Intel
vt1.3xlarge,ap-northeast-1,apne1-az4,2,0.0,1.0,3.0,0.81824,0.2465,69,vt1,AC,vt,12.0,24.0,23883.6025,Intel(R) Xeon(R) Platinum 8259CL CPU @ 2.50GHz,Intel(R) Xeon(R) Platinum 8259CL CPU @ 2.50GHz,Intel
vt1.6xlarge,ap-northeast-1,apne1-az4,1,0.0,0.0,2.0,1.63647,0.526,67,vt1,AC,vt,24.0,48.0,23883.6025,Intel(R) Xeon(R) Platinum 8259CL CPU @ 2.50GHz,Intel(R) Xeon(R) Platinum 8259CL CPU @ 2.50GHz,Intel
x1.16xlarge,ap-northeast-1,apne1-az1,2,0.0,1.0,1.0,9.671,2.7377,71,x1,Memory,x,64.0,976.0,19527.2736,Intel(R) Xeon(R) CPU E7-8880 v3 @ 2.30GHz,Intel(R) Xeon(R) CPU E7-8880 v3 @ 2.30GHz,Intel
x1.16xlarge,ap-northeast-1,apne1-az2,3,1.0,1.0,1.0,9.671,2.9404,69,x1,Memory,x,64.0,976.0,19527.2736,Intel(R) Xeon(R) CPU E7-8880 v3 @ 2.30GHz,Intel(R) Xeon(R) CPU E7-8880 v3 @ 2.30GHz,Intel
x1.16xlarge,ap-northeast-1,apne1-az4,3,5.0,5.0,1.0,9.671,3.2423,66,x1,Memory,x,64.0,976.0,19527.2736,Intel(R) Xeon(R) CPU E7-8880 v3 @ 2.30GHz,Intel(R) Xeon(R) CPU E7-8880 v3 @ 2.30GHz,Intel
x1.32xlarge,ap-northeast-1,apne1-az1,3,1.0,1.0,1.0,19.341,5.7749,70,x1,Memory,x,128.0,1952.0,19637.2612,Intel(R) Xeon(R) CPU E7-8880 v3 @ 2.30GHz,Intel(R) Xeon(R) CPU E7-8880 v3 @ 2.30GHz,Intel
x1.32xlarge,ap-northeast-1,apne1-az2,1,0.0,0.0,1.0,19.341,5.9351,69,x1,Memory,x,128.0,1952.0,19637.2612,Intel(R) Xeon(R) CPU E7-8880 v3 @ 2.30GHz,Intel(R) Xeon(R) CPU E7-8880 v3 @ 2.30GHz,Intel
x1.32xlarge,ap-northeast-1,apne1-az4,3,1.0,1.0,1.0,19.341,5.8948,69,x1,Memory,x,128.0,1952.0,19637.2612,Intel(R) Xeon(R) CPU E7-8880 v3 @ 2.30GHz,Intel(R) Xeon(R) CPU E7-8880 v3 @ 2.30GHz,Intel
x1e.16xlarge,ap-northeast-1,apne1-az1,1,0.0,0.0,1.0,19.344,19.344,0,x1e,Memory,x,64.0,1952.0,19744.483,Intel(R) Xeon(R) CPU E7-8880 v3 @ 2.30GHz,Intel(R) Xeon(R) CPU E7-8880 v3 @ 2.30GHz,Intel
x1e.16xlarge,ap-northeast-1,apne1-az4,1,0.0,0.0,1.0,19.344,6.0364,68,x1e,Memory,x,64.0,1952.0,19744.483,Intel(R) Xeon(R) CPU E7-8880 v3 @ 2.30GHz,Intel(R) Xeon(R) CPU E7-8880 v3 @ 2.30GHz,Intel
x1e.2xlarge,ap-northeast-1,apne1-az1,3,5.0,5.0,1.0,2.418,0.7538,68,x1e,Memory,x,8.0,244.0,19238.4694,Intel(R) Xeon(R) CPU E7-8880 v3 @ 2.30GHz,Intel(R) Xeon(R) CPU E7-8880 v3 @ 2.30GHz,Intel
x1e.2xlarge,ap-northeast-1,apne1-az4,3,5.0,10.0,1.0,2.418,0.7441,69,x1e,Memory,x,8.0,244.0,19238.4694,Intel(R) Xeon(R) CPU E7-8880 v3 @ 2.30GHz,Intel(R) Xeon(R) CPU E7-8880 v3 @ 2.30GHz,Intel
x1e.32xlarge,ap-northeast-1,apne1-az1,1,0.0,0.0,1.0,38.688,14.5179,62,x1e,Memory,x,128.0,3904.0,19742.1451,Intel(R) Xeon(R) CPU E7-8880 v3 @ 2.30GHz,Intel(R) Xeon(R) CPU E7-8880 v3 @ 2.30GHz,Intel
x1e.32xlarge,ap-northeast-1,apne1-az4,1,0.0,0.0,1.0,38.688,10.3786,73,x1e,Memory,x,128.0,3904.0,19742.1451,Intel(R) Xeon(R) CPU E7-8880 v3 @ 2.30GHz,Intel(R) Xeon(R) CPU E7-8880 v3 @ 2.30GHz,Intel
x1e.4xlarge,ap-northeast-1,apne1-az1,3,5.0,5.0,1.0,4.836,1.3621,71,x1e,Memory,x,16.0,488.0,19204.477,Intel(R) Xeon(R) CPU E7-8880 v3 @ 2.30GHz,Intel(R) Xeon(R) CPU E7-8880 v3 @ 2.30GHz,Intel
x1e.4xlarge,ap-northeast-1,apne1-az4,3,5.0,5.0,1.0,4.836,1.4888,69,x1e,Memory,x,16.0,488.0,19204.477,Intel(R) Xeon(R) CPU E7-8880 v3 @ 2.30GHz,Intel(R) Xeon(R) CPU E7-8880 v3 @ 2.30GHz,Intel
x1e.8xlarge,ap-northeast-1,apne1-az1,1,0.0,0.0,1.0,9.672,2.7039,72,x1e,Memory,x,32.0,976.0,19390.351,Intel(R) Xeon(R) CPU E7-8880 v3 @ 2.30GHz,Intel(R) Xeon(R) CPU E7-8880 v3 @ 2.30GHz,Intel
x1e.8xlarge,ap-northeast-1,apne1-az4,1,0.0,0.0,1.0,9.672,2.8673,70,x1e,Memory,x,32.0,976.0,19390.351,Intel(R) Xeon(R) CPU E7-8880 v3 @ 2.30GHz,Intel(R) Xeon(R) CPU E7-8880 v3 @ 2.30GHz,Intel
x1e.xlarge,ap-northeast-1,apne1-az1,3,10.0,15.0,1.0,1.209,0.399,66,x1e,Memory,x,4.0,122.0,19229.0832,Intel(R) Xeon(R) CPU E7-8880 v3 @ 2.30GHz,Intel(R) Xeon(R) CPU E7-8880 v3 @ 2.30GHz,Intel
x1e.xlarge,ap-northeast-1,apne1-az4,3,15.0,20.0,1.0,1.209,0.3739,69,x1e,Memory,x,4.0,122.0,19229.0832,Intel(R) Xeon(R) CPU E7-8880 v3 @ 2.30GHz,Intel(R) Xeon(R) CPU E7-8880 v3 @ 2.30GHz,Intel
x2idn.16xlarge,ap-northeast-1,apne1-az1,3,1.0,1.0,3.0,9.6705,2.8478,70,x2idn,Memory,x,64.0,1024.0,29019.3273,Intel(R) Xeon(R) Platinum 8375C CPU @ 2.90GHz,Intel(R) Xeon(R) Platinum 8375C CPU @ 2.90GHz,Intel
x2idn.16xlarge,ap-northeast-1,apne1-az2,2,0.0,1.0,3.0,9.6705,2.9579,69,x2idn,Memory,x,64.0,1024.0,29019.3273,Intel(R) Xeon(R) Platinum 8375C CPU @ 2.90GHz,Intel(R) Xeon(R) Platinum 8375C CPU @ 2.90GHz,Intel
x2idn.16xlarge,ap-northeast-1,apne1-az4,3,1.0,1.0,3.0,9.6705,3.0836,68,x2idn,Memory,x,64.0,1024.0,29019.3273,Intel(R) Xeon(R) Platinum 8375C CPU @ 2.90GHz,Intel(R) Xeon(R) Platinum 8375C CPU @ 2.90GHz,Intel
x2idn.24xlarge,ap-northeast-1,apne1-az1,3,1.0,1.0,3.0,14.50575,4.6529,67,x2idn,Memory,x,96.0,1536.0,28954.3734,Intel(R) Xeon(R) Platinum 8375C CPU @ 2.90GHz,Intel(R) Xeon(R) Platinum 8375C CPU @ 2.90GHz,Intel
x2idn.24xlarge,ap-northeast-1,apne1-az2,3,1.0,1.0,3.0,14.50575,4.502,68,x2idn,Memory,x,96.0,1536.0,28954.3734,Intel(R) Xeon(R) Platinum 8375C CPU @ 2.90GHz,Intel(R) Xeon(R) Platinum 8375C CPU @ 2.90GHz,Intel
x2idn.24xlarge,ap-northeast-1,apne1-az4,3,1.0,1.0,3.0,14.50575,4.4201,69,x2idn,Memory,x,96.0,1536.0,28954.3734,Intel(R) Xeon(R) Platinum 8375C CPU @ 2.90GHz,Intel(R) Xeon(R) Platinum 8375C CPU @ 2.90GHz,Intel
x2idn.32xlarge,ap-northeast-1,apne1-az1,3,1.0,1.0,3.0,19.341,6.0502,68,x2idn,Memory,x,128.0,2048.0,28978.3536,Intel(R) Xeon(R) Platinum 8375C CPU @ 2.90GHz,Intel(R) Xeon(R) Platinum 8375C CPU @ 2.90GHz,Intel
x2idn.32xlarge,ap-northeast-1,apne1-az2,3,1.0,1.0,3.0,19.341,6.4109,66,x2idn,Memory,x,128.0,2048.0,28978.3536,Intel(R) Xeon(R) Platinum 8375C CPU @ 2.90GHz,Intel(R) Xeon(R) Platinum 8375C CPU @ 2.90GHz,Intel
x2idn.32xlarge,ap-northeast-1,apne1-az4,3,1.0,1.0,3.0,19.341,6.4292,66,x2idn,Memory,x,128.0,2048.0,28978.3536,Intel(R) Xeon(R) Platinum 8375C CPU @ 2.90GHz,Intel(R) Xeon(R) Platinum 8375C CPU @ 2.90GHz,Intel
x2iedn.16xlarge,ap-northeast-1,apne1-az1,3,1.0,5.0,3.0,19.341,6.2177,67,x2iedn,Memory,x,64.0,2048.0,28890.2396,Intel(R) Xeon(R) Platinum 8375C CPU @ 2.90GHz,Intel(R) Xeon(R) Platinum 8375C CPU @ 2.90GHz,Intel
x2iedn.16xlarge,ap-northeast-1,apne1-az4,3,1.0,1.0,3.0,19.341,5.9005,69,x2iedn,Memory,x,64.0,2048.0,28890.2396,Intel(R) Xeon(R) Platinum 8375C CPU @ 2.90GHz,Intel(R) Xeon(R) Platinum 8375C CPU @ 2.90GHz,Intel
x2iedn.24xlarge,ap-northeast-1,apne1-az1,3,5.0,10.0,3.0,29.0115,8.8528,69,x2iedn,Memory,x,96.0,3072.0,29011.2577,Intel(R) Xeon(R) Platinum 8375C CPU @ 2.90GHz,Intel(R) Xeon(R) Platinum 8375C CPU @ 2.90GHz,Intel
x2iedn.24xlarge,ap-northeast-1,apne1-az4,3,1.0,,3.0,29.0115,9.1327,68,x2iedn,Memory,x,96.0,3072.0,29011.2577,Intel(R) Xeon(R) Platinum 8375C CPU @ 2.90GHz,Intel(R) Xeon(R) Platinum 8375C CPU @ 2.90GHz,Intel
x2iedn.2xlarge,ap-northeast-1,apne1-az1,3,25.0,40.0,3.0,2.41763,0.7064,70,x2iedn,Memory,x,8.0,256.0,28991.5821,Intel(R) Xeon(R) Platinum 8375C CPU @ 2.90GHz,Intel(R) Xeon(R) Platinum 8375C CPU @ 2.90GHz,Intel
x2iedn.2xlarge,ap-northeast-1,apne1-az4,3,20.0,30.0,3.0,2.41763,0.7614,68,x2iedn,Memory,x,8.0,256.0,28991.5821,Intel(R) Xeon(R) Platinum 8375C CPU @ 2.90GHz,Intel(R) Xeon(R) Platinum 8375C CPU @ 2.90GHz,Intel
x2iedn.32xlarge,ap-northeast-1,apne1-az1,3,5.0,10.0,3.0,38.682,12.9247,66,x2iedn,Memory,x,128.0,4096.0,28887.2738,Intel(R) Xeon(R) Platinum 8375C CPU @ 2.90GHz,Intel(R) Xeon(R) Platinum 8375C CPU @ 2.90GHz,Intel
x2iedn.32xlarge,ap-northeast-1,apne1-az4,3,10.0,20.0,3.0,38.682,11.7255,69,x2iedn,Memory,x,128.0,4096.0,28887.2738,Intel(R) Xeon(R) Platinum 8375C CPU @ 2.90GHz,Intel(R) Xeon(R) Platinum 8375C CPU @ 2.90GHz,Intel
x2iedn.4xlarge,ap-northeast-1,apne1-az1,3,10.0,20.0,3.0,4.83525,1.4583,69,x2iedn,Memory,x,16.0,512.0,29005.7166,Intel(R) Xeon(R) Platinum 8375C CPU @ 2.90GHz,Intel(R) Xeon(R) Platinum 8375C CPU @ 2.90GHz,Intel
x2iedn.4xlarge,ap-northeast-1,apne1-az4,3,,,3.0,4.83525,1.5298,68,x2iedn,Memory,x,16.0,512.0,29005.7166,Intel(R) Xeon(R) Platinum 8375C CPU @ 2.90GHz,Intel(R) Xeon(R) Platinum 8375C CPU @ 2.90GHz,Intel
x2iedn.8xlarge,ap-northeast-1,apne1-az1,3,5.0,10.0,3.0,9.6705,2.8938,70,x2iedn,Memory,x,32.0,1024.0,28998.0027,Intel(R) Xeon(R) Platinum 8375C CPU @ 2.90GHz,Intel(R) Xeon(R) Platinum 8375C CPU @ 2.90GHz,Intel
x2iedn.8xlarge,ap-northeast-1,apne1-az4,3,,,3.0,9.6705,2.8135,70,x2iedn,Memory,x,32.0,1024.0,28998.0027,Intel(R) Xeon(R) Platinum 8375C CPU @ 2.90GHz,Intel(R) Xeon(R) Platinum 8375C CPU @ 2.90GHz,Intel
x2iedn.xlarge,ap-northeast-1,apne1-az1,3,50.0,50.0,3.0,1.20881,0.3843,68,x2iedn,Memory,x,4.0,128.0,29008.0458,Intel(R) Xeon(R) Platinum 8375C CPU @ 2.90GHz,Intel(R) Xeon(R) Platinum 8375C CPU @ 2.90GHz,Intel
x2iedn.xlarge,ap-northeast-1,apne1-az4,3,35.0,50.0,3.0,1.20881,0.3377,72,x2iedn,Memory,x,4.0,128.0,29008.0458,Intel(R) Xeon(R) Platinum 8375C CPU @ 2.90GHz,Intel(R) Xeon(R) Platinum 8375C CPU @ 2.90GHz,Intel
x2iezn.12xlarge,ap-northeast-1,apne1-az1,3,10.0,15.0,3.0,14.508,4.5844,68,x2iezn,Memory,x,48.0,1536.0,33253.1041,Intel(R) Xeon(R) Platinum 8252C CPU @ 3.80GHz,Intel(R) Xeon(R) Platinum 8252C CPU @ 3.80GHz,Intel
x2iezn.12xlarge,ap-northeast-1,apne1-az2,3,10.0,15.0,3.0,14.508,4.403,69,x2iezn,Memory,x,48.0,1536.0,33253.1041,Intel(R) Xeon(R) Platinum 8252C CPU @ 3.80GHz,Intel(R) Xeon(R) Platinum 8252C CPU @ 3.80GHz,Intel
x2iezn.12xlarge,ap-northeast-1,apne1-az4,3,5.0,10.0,3.0,14.508,4.4473,69,x2iezn,Memory,x,48.0,1536.0,33253.1041,Intel(R) Xeon(R) Platinum 8252C CPU @ 3.80GHz,Intel(R) Xeon(R) Platinum 8252C CPU @ 3.80GHz,Intel
x2iezn.2xlarge,ap-northeast-1,apne1-az1,3,5.0,10.0,3.0,2.418,0.7307,69,x2iezn,Memory,x,8.0,256.0,33684.5898,Intel(R) Xeon(R) Platinum 8252C CPU @ 3.80GHz,Intel(R) Xeon(R) Platinum 8252C CPU @ 3.80GHz,Intel
x2iezn.2xlarge,ap-northeast-1,apne1-az2,3,5.0,10.0,3.0,2.418,0.7792,67,x2iezn,Memory,x,8.0,256.0,33684.5898,Intel(R) Xeon(R) Platinum 8252C CPU @ 3.80GHz,Intel(R) Xeon(R) Platinum 8252C CPU @ 3.80GHz,Intel
x2iezn.2xlarge,ap-northeast-1,apne1-az4,3,1.0,5.0,3.0,2.418,0.7147,70,x2iezn,Memory,x,8.0,256.0,33684.5898,Intel(R) Xeon(R) Platinum 8252C CPU @ 3.80GHz,Intel(R) Xeon(R) Platinum 8252C CPU @ 3.80GHz,Intel
x2iezn.4xlarge,ap-northeast-1,apne1-az1,3,1.0,1.0,3.0,4.836,1.4926,69,x2iezn,Memory,x,16.0,512.0,33627.016,Intel(R) Xeon(R) Platinum 8252C CPU @ 3.80GHz,Intel(R) Xeon(R) Platinum 8252C CPU @ 3.80GHz,Intel
x2iezn.4xlarge,ap-northeast-1,apne1-az2,3,1.0,1.0,3.0,4.836,1.5302,68,x2iezn,Memory,x,16.0,512.0,33627.016,Intel(R) Xeon(R) Platinum 8252C CPU @ 3.80GHz,Intel(R) Xeon(R) Platinum 8252C CPU @ 3.80GHz,Intel
x2iezn.4xlarge,ap-northeast-1,apne1-az4,3,1.0,1.0,3.0,4.836,1.5279,68,x2iezn,Memory,x,16.0,512.0,33627.016,Intel(R) Xeon(R) Platinum 8252C CPU @ 3.80GHz,Intel(R) Xeon(R) Platinum 8252C CPU @ 3.80GHz,Intel
x2iezn.6xlarge,ap-northeast-1,apne1-az1,3,1.0,1.0,3.0,7.254,2.2305,69,x2iezn,Memory,x,24.0,768.0,33705.6719,Intel(R) Xeon(R) Platinum 8252C CPU @ 3.80GHz,Intel(R) Xeon(R) Platinum 8252C CPU @ 3.80GHz,Intel
x2iezn.6xlarge,ap-northeast-1,apne1-az2,3,1.0,1.0,3.0,7.254,2.1705,70,x2iezn,Memory,x,24.0,768.0,33705.6719,Intel(R) Xeon(R) Platinum 8252C CPU @ 3.80GHz,Intel(R) Xeon(R) Platinum 8252C CPU @ 3.80GHz,Intel
x2iezn.6xlarge,ap-northeast-1,apne1-az4,3,1.0,1.0,3.0,7.254,2.0936,71,x2iezn,Memory,x,24.0,768.0,33705.6719,Intel(R) Xeon(R) Platinum 8252C CPU @ 3.80GHz,Intel(R) Xeon(R) Platinum 8252C CPU @ 3.80GHz,Intel
x2iezn.8xlarge,ap-northeast-1,apne1-az1,3,1.0,1.0,3.0,9.672,3.0468,68,x2iezn,Memory,x,32.0,1024.0,33695.2893,Intel(R) Xeon(R) Platinum 8252C CPU @ 3.80GHz,Intel(R) Xeon(R) Platinum 8252C CPU @ 3.80GHz,Intel
x2iezn.8xlarge,ap-northeast-1,apne1-az2,3,1.0,1.0,3.0,9.672,2.8992,70,x2iezn,Memory,x,32.0,1024.0,33695.2893,Intel(R) Xeon(R) Platinum 8252C CPU @ 3.80GHz,Intel(R) Xeon(R) Platinum 8252C CPU @ 3.80GHz,Intel
x2iezn.8xlarge,ap-northeast-1,apne1-az4,3,1.0,1.0,3.0,9.672,2.8069,70,x2iezn,Memory,x,32.0,1024.0,33695.2893,Intel(R) Xeon(R) Platinum 8252C CPU @ 3.80GHz,Intel(R) Xeon(R) Platinum 8252C CPU @ 3.80GHz,Intel
z1d.12xlarge,ap-northeast-1,apne1-az1,3,10.0,15.0,1.0,5.448,1.6676,69,z1d,Memory,z,48.0,384.0,29928.1188,Intel(R) Xeon(R) Platinum 8151 CPU @ 3.40GHz,Intel(R) Xeon(R) Platinum 8151 CPU @ 3.40GHz,Intel
z1d.12xlarge,ap-northeast-1,apne1-az2,3,1.0,1.0,1.0,5.448,1.562,71,z1d,Memory,z,48.0,384.0,29928.1188,Intel(R) Xeon(R) Platinum 8151 CPU @ 3.40GHz,Intel(R) Xeon(R) Platinum 8151 CPU @ 3.40GHz,Intel
z1d.12xlarge,ap-northeast-1,apne1-az4,3,15.0,20.0,1.0,5.448,1.6011,70,z1d,Memory,z,48.0,384.0,29928.1188,Intel(R) Xeon(R) Platinum 8151 CPU @ 3.40GHz,Intel(R) Xeon(R) Platinum 8151 CPU @ 3.40GHz,Intel
z1d.2xlarge,ap-northeast-1,apne1-az1,3,5.0,5.0,1.0,0.908,0.2633,71,z1d,Memory,z,8.0,64.0,29932.6018,Intel(R) Xeon(R) Platinum 8151 CPU @ 3.40GHz,Intel(R) Xeon(R) Platinum 8151 CPU @ 3.40GHz,Intel
z1d.2xlarge,ap-northeast-1,apne1-az2,3,1.0,1.0,1.0,0.908,0.2859,68,z1d,Memory,z,8.0,64.0,29932.6018,Intel(R) Xeon(R) Platinum 8151 CPU @ 3.40GHz,Intel(R) Xeon(R) Platinum 8151 CPU @ 3.40GHz,Intel
z1d.2xlarge,ap-northeast-1,apne1-az4,3,5.0,10.0,1.0,0.908,0.2699,70,z1d,Memory,z,8.0,64.0,29932.6018,Intel(R) Xeon(R) Platinum 8151 CPU @ 3.40GHz,Intel(R) Xeon(R) Platinum 8151 CPU @ 3.40GHz,Intel
z1d.3xlarge,ap-northeast-1,apne1-az1,3,1.0,5.0,1.0,1.362,0.4257,68,z1d,Memory,z,12.0,96.0,29890.5849,Intel(R) Xeon(R) Platinum 8151 CPU @ 3.40GHz,Intel(R) Xeon(R) Platinum 8151 CPU @ 3.40GHz,Intel
z1d.3xlarge,ap-northeast-1,apne1-az2,3,1.0,5.0,1.0,1.362,0.4032,70,z1d,Memory,z,12.0,96.0,29890.5849,Intel(R) Xeon(R) Platinum 8151 CPU @ 3.40GHz,Intel(R) Xeon(R) Platinum 8151 CPU @ 3.40GHz,Intel
z1d.3xlarge,ap-northeast-1,apne1-az4,3,20.0,30.0,1.0,1.362,0.4299,68,z1d,Memory,z,12.0,96.0,29890.5849,Intel(R) Xeon(R) Platinum 8151 CPU @ 3.40GHz,Intel(R) Xeon(R) Platinum 8151 CPU @ 3.40GHz,Intel
z1d.6xlarge,ap-northeast-1,apne1-az1,3,1.0,1.0,1.0,2.724,0.8124,70,z1d,Memory,z,24.0,192.0,29941.0209,Intel(R) Xeon(R) Platinum 8151 CPU @ 3.40GHz,Intel(R) Xeon(R) Platinum 8151 CPU @ 3.40GHz,Intel
z1d.6xlarge,ap-northeast-1,apne1-az2,3,1.0,1.0,1.0,2.724,0.8434,69,z1d,Memory,z,24.0,192.0,29941.0209,Intel(R) Xeon(R) Platinum 8151 CPU @ 3.40GHz,Intel(R) Xeon(R) Platinum 8151 CPU @ 3.40GHz,Intel
z1d.6xlarge,ap-northeast-1,apne1-az4,3,1.0,5.0,1.0,2.724,0.8625,68,z1d,Memory,z,24.0,192.0,29941.0209,Intel(R) Xeon(R) Platinum 8151 CPU @ 3.40GHz,Intel(R) Xeon(R) Platinum 8151 CPU @ 3.40GHz,Intel
z1d.large,ap-northeast-1,apne1-az1,3,20.0,30.0,1.0,0.227,0.069,69,z1d,Memory,z,2.0,16.0,29910.9303,Intel(R) Xeon(R) Platinum 8151 CPU @ 3.40GHz,Intel(R) Xeon(R) Platinum 8151 CPU @ 3.40GHz,Intel
z1d.large,ap-northeast-1,apne1-az2,3,5.0,5.0,1.0,0.227,0.0722,68,z1d,Memory,z,2.0,16.0,29910.9303,Intel(R) Xeon(R) Platinum 8151 CPU @ 3.40GHz,Intel(R) Xeon(R) Platinum 8151 CPU @ 3.40GHz,Intel
z1d.large,ap-northeast-1,apne1-az4,3,15.0,25.0,1.0,0.227,0.0682,69,z1d,Memory,z,2.0,16.0,29910.9303,Intel(R) Xeon(R) Platinum 8151 CPU @ 3.40GHz,Intel(R) Xeon(R) Platinum 8151 CPU @ 3.40GHz,Intel
z1d.xlarge,ap-northeast-1,apne1-az1,3,10.0,15.0,1.0,0.454,0.1285,71,z1d,Memory,z,4.0,32.0,29910.593,Intel(R) Xeon(R) Platinum 8151 CPU @ 3.40GHz,Intel(R) Xeon(R) Platinum 8151 CPU @ 3.40GHz,Intel
z1d.xlarge,ap-northeast-1,apne1-az2,3,1.0,5.0,1.0,0.454,0.1335,70,z1d,Memory,z,4.0,32.0,29910.593,Intel(R) Xeon(R) Platinum 8151 CPU @ 3.40GHz,Intel(R) Xeon(R) Platinum 8151 CPU @ 3.40GHz,Intel
z1d.xlarge,ap-northeast-1,apne1-az4,3,10.0,15.0,1.0,0.454,0.1351,70,z1d,Memory,z,4.0,32.0,29910.593,Intel(R) Xeon(R) Platinum 8151 CPU @ 3.40GHz,Intel(R) Xeon(R) Platinum 8151 CPU @ 3.40GHz,Intel
